ETHERA
632001149
8
183
146
37
24
8
51.33904,3.19564,1773107299,,0,192,,10.7,5,228
51.33885,3.19562,1773068238,,0,193,,17.3,4,222
51.33903,3.19565,1773040159,,0,192,,8,5,174
51.33883,3.19564,1773039798,,0,192,,8,5,174
51.33903,3.19539,1773034219,,0,193,,7.8,4,160
51.33892,3.19562,1772907139,,0,192,,7.5,8,18
51.33926,3.19543,1772906961,,0,192,,7.5,8,17
51.33891,3.19562,1772900842,,0,193,,8.5,9.7,19
51.33928,3.19586,1772900661,,0.1,193,,8.5,9.7,19
51.33901,3.19556,1772865018,,0,192,,7.4,5.3,15
51.33918,3.19552,1772864838,,0,192,,7.4,5.3,15
51.33894,3.1956,1772821100,,0,192,,11.2,5.3,332
51.33859,3.19568,1772820920,,0,192,,11.2,5.3,332
51.33897,3.19562,1772713638,,0,193,,15.8,8.7,155
51.33896,3.19568,1772712920,,0,193,,15.6,8.8,156
51.33895,3.19566,1772589801,,0,193,,7.2,6,84
51.33882,3.19542,1772589620,,0,193,,7.2,6,84
51.33895,3.19564,1772551770,,0,193,,12.6,7.4,9
51.33872,3.1957,1772551760,,0,193,,12.6,7.4,9
51.33849,3.1957,1772551751,,0,193,,12.6,7.4,9
51.33887,3.19559,1772471711,,0,193,,12.6,7,163
51.33906,3.19563,1772464420,,0,192,,15.2,9.9,182
51.33885,3.19569,1772464312,,0,192,,15.2,9.9,182
51.33903,3.1957,1772351547,,0.6,191,,5.7,11.8,185
51.33933,3.19582,1772351448,,0.6,191,,5.7,11.8,185
51.33951,3.19591,1772351388,,0.9,191,,5.7,11.8,185
51.33969,3.19597,1772351347,,0.9,191,,5.7,11.8,185
51.3399,3.19603,1772351297,,1.2,191,,5.7,11.8,185
51.34013,3.19609,1772351257,,1.8,190,,5.5,11.6,184
51.34062,3.19651,1772351198,,2.4,194,,5.5,11.6,184
51.34082,3.1967,1772351177,,2.5,195,,5.5,11.6,184
51.34122,3.19708,1772351138,,2.7,197,,5.5,11.6,184
51.34142,3.19729,1772351117,,2.8,198,,5.5,11.6,184
51.34166,3.19751,1772351097,,3,200,,5.5,11.6,184
51.34188,3.19774,1772351078,,3,201,,5.5,11.6,184
51.34212,3.19795,1772351057,,3,202,,5.5,11.6,184
51.34238,3.19815,1772351037,,3,203,,5.5,11.6,184
51.34263,3.19838,1772351018,,3.1,203,,5.5,11.6,184
51.34299,3.19878,1772350987,,3.1,205,,5.5,11.6,184
51.34323,3.19904,1772350967,,3.2,206,,5.5,11.6,184
51.34344,3.19931,1772350948,,3.3,207,,5.5,11.6,184
51.3439,3.19994,1772350907,,3.6,211,,5.5,11.6,184
51.34412,3.20026,1772350888,,3.7,213,,5.5,11.6,184
51.34425,3.20047,1772350878,,3.8,215,,5.5,11.6,184
51.34439,3.20072,1772350867,,3.8,216,,5.5,11.6,184
51.34498,3.20173,1772350818,,3.8,221,,5.5,11.6,184
51.34523,3.20214,1772350798,,3.8,223,,5.5,11.6,184
51.34547,3.20259,1772350777,,3.8,223,,5.5,11.6,184
51.34568,3.20298,1772350758,,3.7,224,,5.5,11.6,184
51.3459,3.20337,1772350738,,3.6,224,,5.5,11.6,184
51.34615,3.20376,1772350717,,3.6,223,,5.5,11.6,184
51.3464,3.20407,1772350698,,3.6,222,,5.5,11.6,184
51.34681,3.20454,1772350668,,3.6,219,,5.5,11.6,184
51.3471,3.20483,1772350647,,3.5,217,,5.2,11.4,183
51.34737,3.20505,1772350627,,3.6,214,,5.2,11.4,183
51.34766,3.20523,1772350608,,3.6,211,,5.2,11.4,183
51.34783,3.20532,1772350597,,3.6,209,,5.2,11.4,183
51.34814,3.20544,1772350578,,3.6,205,,5.2,11.4,183
51.34833,3.20549,1772350567,,3.7,203,,5.2,11.4,183
51.34866,3.20554,1772350548,,3.8,198,,5.2,11.4,183
51.34886,3.20555,1772350537,,3.8,195,,5.2,11.4,183
51.34922,3.20551,1772350518,,3.9,190,,5.2,11.4,183
51.34956,3.20543,1772350498,,4,185,,5.2,11.4,183
51.34974,3.20537,1772350489,,4.1,182,,5.2,11.4,183
51.34993,3.20528,1772350477,,4.1,179,,5.2,11.4,183
51.35027,3.20514,1772350458,,4.1,175,,5.2,11.4,183
51.35045,3.20507,1772350448,,4.1,174,,5.2,11.4,183
51.35081,3.2049,1772350429,,4.1,171,,5.2,11.4,183
51.35104,3.20479,1772350417,,4.1,170,,5.2,11.4,183
51.35122,3.2047,1772350408,,4.2,169,,5.2,11.4,183
51.35172,3.20443,1772350378,,4.2,166,,5.2,11.4,183
51.35191,3.20432,1772350369,,4.2,165,,5.2,11.4,183
51.35211,3.2042,1772350357,,4.2,164,,5.2,11.4,183
51.35754,3.19804,1772350028,,4.5,145,,5,11.3,182
51.35773,3.19781,1772350017,,4.6,145,,5,11.3,182
51.35789,3.19765,1772350009,,4.6,145,,5,11.3,182
51.3581,3.19737,1772349997,,4.6,144,,5,11.3,182
51.35826,3.19719,1772349987,,4.7,144,,5,11.3,182
51.35843,3.197,1772349977,,4.7,145,,5,11.3,182
51.35858,3.19684,1772349968,,4.8,145,,5,11.3,182
51.35893,3.19645,1772349949,,4.9,145,,5,11.3,182
51.35929,3.19607,1772349928,,5,144.6,,5,11.3,182
51.35949,3.19584,1772349917,,5.1,145.1,,5,11.3,182
51.35991,3.19535,1772349897,,5.3,147.5,,5,11.3,182
51.36009,3.19515,1772349888,,5.3,147.6,,5,11.3,182
51.36357,3.19071,1772349737,,7.9,141.8,,5,11.3,182
51.36387,3.19031,1772349727,,8.1,141.7,,5,11.3,182
51.36441,3.18962,1772349708,,8.5,140.9,,5,11.3,182
51.36474,3.18922,1772349698,,8.6,140.8,,5,11.3,182
51.36778,3.18483,1772349597,,8.9,136.4,,5,11.3,182
51.36804,3.18443,1772349587,,8.8,136.2,,5,11.3,182
51.36832,3.18397,1772349578,,8.8,135.7,,5,11.3,182
51.36891,3.18308,1772349557,,8.8,136.3,,5,11.3,182
51.36952,3.1822,1772349537,,8.8,136.2,,5,11.3,182
51.36979,3.18176,1772349527,,8.8,135.6,,5,11.3,182
51.37805,3.1675,1772349237,,9.6,131.6,,6,17.1,184
51.37834,3.16697,1772349227,,9.6,132.3,,6,17.1,184
51.3831,3.15894,1772349078,,10.4,135.4,,6,17.1,184
51.38407,3.15737,1772349048,,10.3,133.1,,6,17.1,184
51.38507,3.15566,1772349018,,10.3,132.9,,6,17.1,184
51.38677,3.15264,1772348966,,10.2,131.5,,6,17.1,184
51.3885,3.14943,1772348908,,10.1,126.9,,6,17.1,184
51.38878,3.14889,1772348898,,10.1,126.3,,6,17.1,184
51.38906,3.1483,1772348887,,10.1,124.9,,6,17.1,184
51.38934,3.14766,1772348877,,10.1,122.8,,6,17.1,184
51.39444,3.11952,1772348496,,10.3,103,,6.3,18.1,185
51.39887,3.09217,1772348127,,10.4,104,,6.3,18.2,186
51.39901,3.09134,1772348116,,10.3,104,,6.3,18.2,186
51.39912,3.09068,1772348107,,10.4,104.2,,6.3,18.2,186
51.40497,3.05803,1772347658,,10.3,107.4,,6.3,18.4,186
51.40655,3.05005,1772347548,,10.3,107,,6.3,18.4,186
51.40688,3.04854,1772347527,,10.3,105.8,,6.3,18.4,186
51.40749,3.04487,1772347478,,10.4,102.3,,6.3,18.4,186
51.40781,3.0426,1772347448,,10.4,102.3,,6.3,18.4,186
51.40792,3.0417,1772347436,,10.4,101.2,,6.3,18.4,186
51.40929,3.02338,1772347197,,10.4,95.4,,6.3,18.4,186
51.40959,3.0181,1772347127,,10.4,94.6,,6.3,18.4,186
51.40995,3.00882,1772347007,,10.4,91.4,,6.4,18.6,186
51.40996,3.00816,1772346997,,10.4,91.1,,6.4,18.6,186
51.41204,2.96014,1772346356,,10,95.7,,6.4,18.8,187
51.41232,2.9557,1772346296,,10,96.5,,6.4,18.8,187
51.41255,2.9528,1772346257,,10,97.5,,6.4,18.8,187
51.41262,2.95207,1772346247,,10,96.7,,6.4,18.8,187
51.41268,2.95127,1772346236,,10,95.8,,6.4,18.8,187
51.41271,2.95062,1772346227,,10,95,,6.4,18.8,187
51.41072,2.87818,1772345267,,10.1,87.7,,6.4,18.9,187
51.41071,2.87752,1772345257,,10.1,87.8,,6.4,18.8,187
51.41068,2.87667,1772345247,,10.1,88.1,,6.4,18.8,187
51.41054,2.86417,1772345077,,10.1,91,,7,18.9,191
51.41063,2.84846,1772344868,,10.1,89.2,,7,18.9,191
51.41062,2.84771,1772344858,,10.1,89.1,,7,18.9,191
51.40759,2.79184,1772344107,,10,82.3,,7,18.8,190
51.40754,2.79117,1772344098,,10,82.2,,7,18.8,190
51.4075,2.79039,1772344087,,10,82,,7,18.8,190
51.40724,2.78749,1772344047,,10,79.2,,7,18.6,189
51.40717,2.78685,1772344038,,10,77.9,,7,18.6,189
51.40684,2.78462,1772344008,,10,76,,7,18.6,189
51.40624,2.78103,1772343956,,9.9,71.9,,7,18.6,189
51.40611,2.78034,1772343947,,9.9,70.8,,7,18.6,189
51.39616,2.75056,1772343476,,9.3,62.5,,7,18.6,189
51.39594,2.74994,1772343467,,9.3,63.7,,7,18.6,189
51.39538,2.74803,1772343436,,9.3,69.3,,7.1,18.4,189
51.39521,2.74738,1772343426,,9.3,72.2,,7.1,18.4,189
51.39507,2.74674,1772343416,,9.4,75.5,,7.1,18.4,189
51.39486,2.7454,1772343396,,9.7,84.3,,7.1,18.4,189
51.3948,2.74497,1772343390,,9.8,87.2,,7.1,18.4,189
51.39567,2.71918,1772343037,,9.5,94.2,,7.1,18.4,189
51.3957,2.71849,1772343027,,9.5,94.8,,7.1,18.4,189
51.39572,2.71789,1772343018,,9.5,95.6,,7.1,18.4,189
51.39637,2.71164,1772342928,,9.2,104,,7.1,18.4,189
51.39645,2.711,1772342917,,9.2,105.7,,7.1,18.4,189
51.39669,2.70974,1772342898,,9.2,110.1,,7.1,18.4,189
51.39688,2.70885,1772342884,,9.3,115,,7.1,18.4,189
51.39699,2.70841,1772342877,,9.4,117.7,,7.1,18.4,189
51.40394,2.69659,1772342657,,9.9,134.8,,7.1,18.3,188
51.40428,2.69605,1772342647,,9.9,134.9,,7.1,18.3,188
51.4075,2.69109,1772342548,,9.6,137.8,,7.1,18.3,188
51.40784,2.69058,1772342537,,9.6,138.8,,7.1,18.3,188
51.40818,2.6901,1772342528,,9.5,140,,7.1,18.3,188
51.40893,2.6891,1772342506,,9.6,143.5,,7.1,18.3,188
51.40925,2.6887,1772342497,,9.6,145.7,,7.1,18.3,188
51.43488,2.67847,1772341946,,10.3,167.5,,7.1,18.1,187
51.43528,2.67832,1772341937,,10.3,167.4,,7.1,18.1,187
51.43664,2.67784,1772341907,,10.2,167.3,,7.1,18.1,187
51.43705,2.67769,1772341898,,10.2,167.4,,7.1,18.1,187
51.43947,2.67686,1772341847,,10.2,168.5,,7.1,18.1,187
51.43989,2.67673,1772341838,,10.1,168.7,,7.1,18.1,187
51.44133,2.6763,1772341807,,10.1,169.6,,7.1,18.1,187
51.44174,2.67619,1772341797,,10.1,169.9,,7.1,18.1,187
51.44219,2.67603,1772341788,,10.1,170.8,,7.1,18.1,187
51.4427,2.67588,1772341776,,10.1,171.9,,7.1,18.1,187
51.44358,2.67573,1772341757,,10.1,174.8,,7.1,18.1,187
51.44409,2.67563,1772341747,,10.1,176.3,,7.1,18.1,187
51.44456,2.67558,1772341737,,10.1,177.1,,7.1,18.1,187
51.44639,2.67542,1772341697,,9.9,176,,7.1,18.1,187
51.44683,2.67537,1772341687,,9.9,176.1,,7.1,18.1,187
51.44771,2.67526,1772341668,,9.8,176.1,,7.1,18.1,187
51.44822,2.67519,1772341656,,9.7,176.2,,7.2,16.9,188
51.44869,2.67513,1772341646,,9.7,176.4,,7.2,16.9,188
51.44952,2.67505,1772341627,,9.6,176.8,,7.2,16.9,188
51.45042,2.675,1772341608,,9.5,177,,7.2,16.9,188
51.45138,2.67491,1772341586,,9.4,177.5,,7.2,16.9,188
51.4518,2.67488,1772341576,,9.3,177.9,,7.2,16.9,188
51.45218,2.67487,1772341567,,9.2,178.3,,7.2,16.9,188
51.45261,2.67484,1772341557,,9.2,179.1,,7.2,16.9,188
51.453,2.67483,1772341548,,9.1,179.7,,7.2,16.9,188
51.45387,2.67483,1772341526,,8.9,180.6,,7.2,16.9,188
51.45431,2.67484,1772341516,,8.8,180.1,,7.2,16.9,188
51.46174,2.67449,1772341326,,9.3,177.5,,7.2,16.9,188
51.46256,2.67443,1772341308,,9.5,177.3,,7.2,16.9,188
51.46298,2.67442,1772341298,,9.6,177.1,,7.2,16.9,188
51.4635,2.67437,1772341286,,9.8,177.2,,7.2,16.9,188
51.46482,2.67427,1772341257,,10.2,177.8,,7.2,16.9,188
51.46572,2.67423,1772341238,,10.4,177.8,,7.2,16.9,188
51.46628,2.67419,1772341226,,10.5,177.7,,7.2,16.9,188
51.46722,2.6741,1772341206,,10.5,177.4,,7.2,16.9,188
51.46772,2.67407,1772341197,,10.5,177.7,,7.2,16.9,188
51.46816,2.67405,1772341188,,10.5,177.7,,7.2,16.9,188
51.46864,2.67403,1772341178,,10.5,177.4,,7.2,16.9,188
51.47346,2.67358,1772341078,,10.4,175.6,,7.2,16.9,188
51.47444,2.67348,1772341058,,10.4,175.5,,7.2,16.8,189
51.47544,2.67333,1772341036,,10.4,174.6,,7.2,16.8,189
51.47635,2.67322,1772341018,,10.4,173.6,,7.2,16.8,189
51.47783,2.67297,1772340988,,10.4,173.7,,7.2,16.8,189
51.47831,2.67291,1772340977,,10.4,173.9,,7.2,16.8,189
51.48067,2.6725,1772340928,,10.3,174.6,,7.2,16.8,189
51.48115,2.6724,1772340917,,10.3,174.9,,7.2,16.8,189
51.48267,2.67221,1772340886,,10.3,176.4,,7.2,16.8,189
51.48305,2.67218,1772340878,,10.3,176.7,,7.2,16.8,189
51.48352,2.67211,1772340868,,10.3,177.9,,7.2,16.8,189
51.48398,2.67208,1772340857,,10.3,178.9,,7.2,16.8,189
51.485,2.67203,1772340836,,10.4,180.9,,7.2,16.8,189
51.48633,2.67208,1772340808,,10.3,181.2,,7.2,16.8,189
51.48729,2.6721,1772340788,,10.3,181.9,,7.2,16.8,189
51.48787,2.67212,1772340776,,10.3,183,,7.2,16.8,189
51.48831,2.67216,1772340767,,10.4,183.9,,7.2,16.8,189
51.48875,2.67221,1772340758,,10.4,185,,7.2,16.8,189
51.49171,2.67278,1772340696,,10.4,188,,7.2,16.8,189
51.4921,2.67287,1772340688,,10.4,187.8,,7.2,16.8,189
51.49267,2.67296,1772340677,,10.4,187.7,,7.2,16.8,189
51.49547,2.6736,1772340617,,10.4,187.6,,7.2,16.8,189
51.4959,2.67371,1772340608,,10.4,187.6,,7.2,16.8,189
51.49689,2.67388,1772340587,,10.4,187.7,,7.2,16.8,189
51.49735,2.67395,1772340576,,10.4,187.8,,7.2,16.8,189
51.49778,2.67403,1772340568,,10.4,188,,7.2,16.8,189
51.49831,2.67415,1772340557,,10.4,188.3,,7.2,16.8,189
51.49867,2.67425,1772340548,,10.4,188.4,,7.2,16.8,189
51.49929,2.67439,1772340536,,10.4,188.6,,7.2,16.8,189
51.50027,2.67465,1772340516,,10.4,188.8,,7.2,16.8,189
51.51041,2.67762,1772340296,,9.9,192.5,,7.2,16.6,189
51.51077,2.67773,1772340287,,9.9,193.1,,7.2,16.6,189
51.51168,2.67805,1772340268,,9.9,194,,7.2,16.6,189
51.51217,2.67824,1772340257,,9.9,195,,7.2,16.6,189
51.51266,2.67845,1772340247,,9.8,196.1,,7.2,16.6,189
51.51309,2.67865,1772340236,,9.8,197.5,,7.2,16.6,189
51.51349,2.67885,1772340227,,9.8,198.8,,7.2,16.6,189
51.51393,2.67909,1772340218,,9.8,200.5,,7.2,16.6,189
51.51477,2.6796,1772340197,,9.8,203.1,,7.2,16.6,189
51.51516,2.67984,1772340188,,9.7,203.7,,7.2,16.6,189
51.51561,2.68015,1772340177,,9.6,202.6,,7.2,16.6,189
51.51603,2.68045,1772340167,,9.6,200.5,,7.2,16.6,189
51.51729,2.68117,1772340137,,9.4,194.9,,7.2,16.6,189
51.51766,2.68136,1772340128,,9.4,192.5,,7.2,16.6,189
51.51837,2.68162,1772340114,,9.4,186.8,,7.2,16.6,189
51.5188,2.68173,1772340101,,9.5,183.1,,7.2,16.6,189
51.5191,2.68178,1772340094,,9.6,180.3,,7.2,16.6,189
51.51942,2.68182,1772340087,,9.6,177.7,,7.2,16.6,189
51.51973,2.68183,1772340080,,9.7,174.6,,7.2,16.6,189
51.52018,2.68179,1772340072,,9.8,170.6,,7.2,16.6,189
51.52045,2.68173,1772340066,,9.9,168.3,,7.2,16.6,189
51.52063,2.68167,1772340061,,9.9,167.7,,7.2,16.6,189
51.52208,2.6811,1772340027,,10,165.3,,7.2,16.6,189
51.52253,2.6809,1772340017,,10,164.7,,7.2,16.6,189
51.52555,2.67932,1772339948,,10,162,,7.2,16.6,189
51.52604,2.67905,1772339937,,10,162.5,,7.2,16.6,189
51.52654,2.67879,1772339927,,9.9,163,,7.2,16.6,189
51.52738,2.6784,1772339909,,9.9,164.9,,7.2,16.6,189
51.52782,2.67821,1772339897,,9.9,166,,7.2,16.6,189
51.52821,2.67802,1772339888,,10,167.3,,7.2,16.6,189
51.5287,2.67783,1772339877,,10,169.4,,7.2,16.6,189
51.54054,2.67753,1772339627,,10.3,180.3,,7.3,16.4,190
51.54143,2.67753,1772339608,,10.3,180.4,,7.3,16.4,190
51.54239,2.67756,1772339588,,10.3,180.5,,7.3,16.4,190
51.54291,2.67759,1772339577,,10.3,180.4,,7.3,16.4,190
51.54393,2.6776,1772339556,,10.3,180,,7.3,16.4,190
51.54431,2.67759,1772339548,,10.3,180,,7.3,16.4,190
51.54484,2.67759,1772339536,,10.2,180.3,,7.3,16.4,190
51.54527,2.67761,1772339528,,10.3,180.4,,7.3,16.4,190
51.54623,2.67763,1772339508,,10.2,179.7,,7.3,16.4,190
51.54712,2.67762,1772339488,,10.2,179.7,,7.3,16.4,190
51.54772,2.6776,1772339476,,10.2,179.6,,7.3,16.4,190
51.5481,2.67759,1772339468,,10.2,180,,7.3,16.4,190
51.54866,2.6776,1772339457,,10.2,179.8,,7.3,16.4,190
51.55851,2.67799,1772339248,,10.3,182.2,,7.3,16.3,190
51.55902,2.67802,1772339237,,10.3,182.1,,7.3,16.3,190
51.55948,2.67804,1772339227,,10.3,182,,7.3,16.3,190
51.55996,2.67807,1772339217,,10.3,181.6,,7.3,16.3,190
51.56083,2.6781,1772339198,,10.3,180.8,,7.3,16.3,190
51.5613,2.67813,1772339188,,10.3,180.5,,7.3,16.3,190
51.56282,2.67816,1772339157,,10.3,178.4,,7.3,16.3,190
51.56331,2.67815,1772339148,,10.3,177.4,,7.3,16.3,190
51.56375,2.67813,1772339138,,10.3,176.4,,7.3,16.3,190
51.56611,2.67778,1772339088,,10.3,172.9,,7.3,16.3,190
51.56659,2.67769,1772339078,,10.3,172.5,,7.3,16.3,190
51.56713,2.6776,1772339067,,10.3,172.2,,7.3,16.3,190
51.56761,2.67749,1772339056,,10.3,172.7,,7.3,16.3,190
51.57278,2.67634,1772338947,,10.3,169.6,,7.3,16.3,190
51.57318,2.67624,1772338936,,10.3,169.5,,7.3,16.3,190
51.57363,2.67612,1772338927,,10.2,169.6,,7.3,16.3,190
51.5741,2.67597,1772338917,,10.2,170.1,,7.3,16.3,190
51.57505,2.67569,1772338896,,10.2,170.8,,7.3,16.3,190
51.57548,2.67558,1772338888,,10.2,171.3,,7.3,16.3,190
51.57601,2.67543,1772338876,,10.2,171.6,,7.3,16.3,190
51.57648,2.67532,1772338867,,10.1,172,,7.3,16.3,190
51.57699,2.67523,1772338857,,10.1,172.1,,7.3,16.3,190
51.57734,2.67518,1772338848,,10.1,172.3,,7.3,16.3,190
51.57926,2.67472,1772338807,,10,172.8,,7.3,16.3,190
51.57972,2.67462,1772338797,,9.9,172.4,,7.3,16.3,190
51.58071,2.67438,1772338776,,9.9,172.8,,7.3,16.3,190
51.59359,2.67154,1772338497,,10.2,171.5,,7.3,16.1,191
51.59405,2.67143,1772338487,,10.1,171.1,,7.3,16.1,191
51.59449,2.67134,1772338477,,10.1,170.7,,7.3,16.1,191
51.60225,2.669,1772338307,,10.1,169,,7.3,16.1,191
51.6059,2.66782,1772338228,,10.1,168,,7.3,16.1,191
51.60635,2.66766,1772338218,,10.1,168.1,,7.3,16.1,191
51.63073,2.65602,1772337667,,9.9,162.1,,8,15,199
51.63466,2.65405,1772337577,,9.8,165.4,,8,15,199
51.63511,2.65384,1772337567,,9.8,166.7,,8,15,199
51.63593,2.65352,1772337548,,9.8,169.2,,8,15,199
51.63638,2.65336,1772337538,,9.8,169.8,,8,15,199
51.63732,2.6531,1772337517,,9.8,171.9,,8,15,199
51.63777,2.65299,1772337507,,9.9,173.7,,8,15,199
51.63821,2.65291,1772337497,,9.9,176,,8,15,199
51.63867,2.65285,1772337488,,10,178.4,,8,15,199
51.63963,2.65285,1772337466,,10.1,182.5,,8,15,199
51.64053,2.65289,1772337447,,10.1,183.7,,8.1,15,200
51.64141,2.65298,1772337428,,10,183.4,,8.1,15,200
51.65025,2.65361,1772337238,,10.1,182.3,,8.1,15,200
51.65075,2.65364,1772337227,,10.1,182.1,,8.1,15,200
51.65117,2.65368,1772337218,,10.1,182,,8.1,15,200
51.65164,2.65371,1772337208,,10.1,182.2,,8.1,15,200
51.65216,2.65375,1772337197,,10.1,182.2,,8.1,15,200
51.6544,2.65392,1772337148,,10.1,181.9,,8.1,15,200
51.65719,2.65406,1772337088,,10.1,182.2,,8.1,15,200
51.65907,2.65419,1772337048,,10,182.1,,8.1,15,200
51.6595,2.65423,1772337038,,10,182,,8.1,15,200
51.66089,2.65433,1772337008,,10,182.3,,8.1,15,200
51.66139,2.65436,1772336997,,10,182.2,,8.1,15,200
51.66227,2.65439,1772336978,,10,182.1,,8.1,15,200
51.67064,2.65482,1772336797,,9.9,181.4,,8.1,15,201
51.67294,2.6549,1772336747,,9.9,181,,8.1,15,201
51.67976,2.65498,1772336598,,9.7,179.9,,8.1,15,201
51.68025,2.65498,1772336586,,9.7,179.9,,8.1,15,201
51.68066,2.65499,1772336577,,9.7,179.8,,8.1,15,201
51.68158,2.655,1772336557,,9.7,179.5,,8.1,15,201
51.68202,2.65499,1772336547,,9.7,179.8,,8.1,15,201
51.68237,2.65497,1772336538,,9.6,180.1,,8.1,15,201
51.68289,2.65495,1772336526,,9.6,180.4,,8.1,15,201
51.68329,2.65495,1772336517,,9.6,180.5,,8.1,15,201
51.68374,2.65497,1772336507,,9.6,180.5,,8.1,15,201
51.68419,2.65499,1772336497,,9.6,180.5,,8.1,15,201
51.68634,2.65502,1772336448,,9.4,180,,8.1,15,201
51.68687,2.65502,1772336437,,9.4,179.9,,8.1,15,201
51.6873,2.655,1772336427,,9.3,180,,8.1,15,201
51.69023,2.65506,1772336358,,9.1,181.9,,8.1,15,201
51.69074,2.65509,1772336346,,9,183,,8.1,15,201
51.69147,2.65514,1772336328,,9,184.8,,8.1,15,201
51.69193,2.65519,1772336316,,9,186.6,,8.1,15,201
51.69235,2.65525,1772336307,,9,188.6,,8.1,15,201
51.69273,2.65532,1772336298,,9,190.9,,8.1,15,201
51.69321,2.65545,1772336286,,9.1,194,,8.1,15,201
51.69357,2.65557,1772336277,,9.2,197.1,,8.1,15,201
51.69397,2.65575,1772336268,,9.3,200.6,,8.1,15,201
51.69443,2.656,1772336256,,9.4,204.4,,8.1,15,202
51.69479,2.65623,1772336248,,9.4,207,,8.1,15,202
51.69522,2.65657,1772336236,,9.5,209,,8.1,15,202
51.69553,2.65684,1772336228,,9.5,208.9,,8.1,15,202
51.69947,2.65996,1772336128,,9.1,206.2,,8.1,15,202
51.69988,2.66026,1772336116,,9.1,206.2,,8.1,15,202
51.70137,2.66146,1772336076,,8.9,206.1,,8.1,15,202
51.70165,2.66169,1772336068,,8.8,206.3,,8.1,15,202
51.70208,2.66208,1772336056,,8.8,206.5,,8.1,15,202
51.70237,2.66232,1772336048,,8.7,206.5,,8.1,15,202
51.70274,2.66262,1772336038,,8.6,206.2,,8.1,15,202
51.7041,2.66369,1772335998,,8.3,205,,8.1,15,202
51.7048,2.66422,1772335978,,8.1,204.6,,8.1,15,202
51.70555,2.66476,1772335956,,7.8,204.4,,8.1,15,202
51.70585,2.66499,1772335947,,7.7,204.3,,8.1,15,202
51.70713,2.66589,1772335908,,7.1,201.5,,8.1,15,202
51.70747,2.66612,1772335896,,6.9,200,,8.1,15,202
51.70831,2.66662,1772335867,,6.5,197.2,,8.1,15,202
51.70859,2.66676,1772335858,,6.3,196.8,,8.1,15,202
51.70884,2.66688,1772335848,,6.2,197.4,,8.1,15,202
51.70997,2.66747,1772335807,,5.8,200.8,,8.1,15,202
51.7102,2.66759,1772335798,,5.7,201.7,,8.1,15,202
51.71044,2.66774,1772335788,,5.6,202.5,,8.1,15,202
51.71072,2.66792,1772335777,,5.6,203.3,,8.1,15,202
51.71094,2.66808,1772335768,,5.5,204,,8.1,15,202
51.71118,2.66826,1772335758,,5.4,204.6,,8.1,15,202
51.71164,2.6686,1772335738,,5.4,207.3,,8.1,15,202
51.71187,2.66877,1772335727,,5.3,208.2,,8.1,15,202
51.71208,2.66897,1772335717,,5.3,208.8,,8.1,15,202
51.7123,2.66916,1772335708,,5.2,209.7,,8.1,15,202
51.71251,2.66935,1772335698,,5.2,210.3,,8.1,15,202
51.71271,2.66954,1772335687,,5.1,211.2,,8.1,15,202
51.71296,2.66977,1772335677,,5.1,213.5,,8.1,15,202
51.71315,2.66995,1772335667,,5,216.4,,8.1,15,202
51.71334,2.67016,1772335657,,5,219,,8.1,15,203
51.71351,2.67035,1772335648,,5,221.4,,8.1,15,203
51.71372,2.67063,1772335636,,5,223.4,,8.1,15,203
51.71387,2.67086,1772335627,,4.9,208,,8.1,15,203
51.71403,2.67113,1772335617,,4.9,210,,8.1,15,203
51.71435,2.67168,1772335597,,4.7,213,,8.1,15,203
51.71448,2.67191,1772335588,,4.7,213,,8.1,15,203
51.71464,2.6722,1772335576,,4.6,215,,8.1,15,203
51.71476,2.67244,1772335567,,4.5,216,,8.1,15,203
51.715,2.67297,1772335547,,4.3,218,,8.1,15,203
51.71514,2.67327,1772335537,,4.2,220,,8.1,15,203
51.71527,2.67356,1772335527,,4.1,221,,8.1,15,203
51.71546,2.67405,1772335507,,3.9,222,,8.1,15,203
51.71563,2.67457,1772335487,,3.8,224,,8.1,15,203
51.71584,2.67534,1772335456,,3.5,226,,8.1,15,203
51.71595,2.67578,1772335438,,3.5,228,,8.1,15,203
51.71616,2.67681,1772335397,,3.6,231,,8.1,15,203
51.71625,2.67732,1772335378,,3.6,233,,8.1,15,203
51.71632,2.67779,1772335358,,3.6,235,,8.1,15,203
51.71638,2.67834,1772335337,,3.7,237,,8.1,15,203
51.71644,2.67938,1772335298,,3.6,242,,8.1,15,203
51.71647,2.68026,1772335267,,3.5,245,,8.1,15,203
51.71647,2.68075,1772335247,,3.5,246,,8.1,15,203
51.71646,2.68255,1772335178,,3.4,251,,8.1,15,203
51.71644,2.6831,1772335158,,3.3,252,,8.1,15,203
51.71642,2.68356,1772335138,,3.2,253,,8.1,15,203
51.71631,2.68475,1772335087,,3.1,256,,8.1,15,203
51.71626,2.6852,1772335067,,3,257,,8.1,15,203
51.7162,2.68592,1772335033,,2.7,259,,8.2,15,204
51.7166,2.68828,1772334855,,1.5,235,,8.2,15,204
51.71771,2.68775,1772334674,,1.7,187,,8.2,15,204
51.71822,2.68561,1772334492,,2,157,,8.2,15,204
51.71026,2.66823,1772332694,,1.7,142,,8.2,14.2,213
51.70315,2.655,1772331434,,1.8,149,,8.3,13.2,222
51.70218,2.65327,1772331252,,1.7,154,,8.3,13.2,222
51.69668,2.63959,1772329993,,1.9,155,,8.3,13,226
51.69591,2.63755,1772329811,,1.6,160,,8.3,13,226
51.69515,2.63577,1772329632,,1.6,169,,8.3,13,227
51.69373,2.63274,1772329273,,1.2,190,,8.3,13,227
51.69314,2.63156,1772329092,,1,200,,8.3,13,227
51.69268,2.63073,1772328912,,0.7,207,,8.2,13,229
51.69247,2.63021,1772328777,,0.4,211,,8.2,13,229
51.69248,2.62992,1772328656,,0.4,210,,8.2,13,229
51.69262,2.6297,1772328557,,0.4,208,,8.2,13,229
51.69282,2.62971,1772328476,,0.7,209,,8.2,13,229
51.69302,2.62976,1772328416,,0.9,210,,8.2,13,231
51.69346,2.63007,1772328317,,1.4,211,,8.2,13,231
51.69366,2.63022,1772328286,,1.5,212,,8.2,13,231
51.69387,2.63037,1772328257,,1.6,212,,8.2,13,231
51.69421,2.63067,1772328206,,1.9,212,,8.2,13,231
51.69443,2.63086,1772328176,,2,213,,8.2,13,231
51.69468,2.63104,1772328146,,2.1,212,,8.2,13,231
51.69487,2.63111,1772328127,,2.1,211,,8.2,13,231
51.69507,2.63115,1772328106,,2.2,208,,8.2,13,231
51.69528,2.63119,1772328086,,2.2,206,,8.2,13,231
51.69546,2.63122,1772328067,,2.3,204,,8.2,13,231
51.69565,2.63122,1772328046,,2.3,202,,8.2,13,231
51.69586,2.63122,1772328026,,2.2,200,,8.2,13,231
51.69608,2.63122,1772328007,,2.3,199,,8.2,13,231
51.6963,2.63124,1772327986,,2.2,198,,8.2,13,231
51.6965,2.63126,1772327966,,2.2,197,,8.2,13,231
51.6967,2.63131,1772327947,,2.2,197,,8.2,13,231
51.69725,2.63163,1772327887,,2.2,203,,8.2,13,231
51.69745,2.63176,1772327866,,2.1,205,,8.2,13,231
51.69905,2.63255,1772327697,,2.1,205,,8.2,13,232
51.69924,2.63264,1772327677,,2.1,204,,8.2,13,232
51.69943,2.63272,1772327656,,2.1,205,,8.2,13,232
51.69962,2.6328,1772327637,,2.1,205,,8.2,13,232
51.69982,2.63291,1772327617,,2.1,206,,8.2,13,232
51.7,2.63302,1772327596,,2.1,206,,8.2,13,232
51.70017,2.6331,1772327577,,2.2,207,,8.2,13,232
51.70037,2.63319,1772327557,,2.2,207,,8.2,13,232
51.70058,2.63327,1772327536,,2.3,206,,8.2,13,232
51.70076,2.63331,1772327517,,2.3,205,,8.2,13,232
51.70098,2.63333,1772327497,,2.4,203,,8.2,13,232
51.7012,2.63332,1772327476,,2.5,201,,8.2,13,232
51.70143,2.63329,1772327457,,2.6,199,,8.2,13,232
51.70168,2.63322,1772327437,,2.6,195,,8.2,13,232
51.70192,2.63313,1772327416,,2.6,192,,8.2,13,232
51.70214,2.63307,1772327397,,2.5,191,,8.2,13,232
51.70238,2.63302,1772327377,,2.5,191,,8.2,13,232
51.70261,2.63301,1772327356,,2.5,192,,8.2,13,232
51.70296,2.63295,1772327327,,2.6,191,,8.2,13,232
51.70319,2.6329,1772327306,,2.6,190,,8.2,13,232
51.70342,2.63285,1772327287,,2.6,190,,8.2,13,232
51.70366,2.6328,1772327267,,2.6,190,,8.2,13,232
51.7039,2.63276,1772327246,,2.6,190,,8.2,13.1,234
51.70411,2.63274,1772327227,,2.6,191,,8.2,13.1,234
51.70435,2.63271,1772327207,,2.6,191,,8.2,13.1,234
51.70474,2.63262,1772327176,,2.6,191,,8.2,13.1,234
51.70498,2.63255,1772327157,,2.6,191,,8.2,13.1,234
51.7052,2.6325,1772327137,,2.7,190,,8.2,13.1,234
51.70559,2.63242,1772327106,,2.6,190,,8.2,13.1,234
51.70582,2.63238,1772327087,,2.6,190,,8.2,13.1,234
51.70607,2.63235,1772327066,,2.6,190,,8.2,13.1,234
51.70632,2.63229,1772327046,,2.7,191,,8.2,13.1,234
51.70661,2.63223,1772327027,,2.7,191,,8.2,13.1,234
51.70686,2.63217,1772327007,,2.7,191,,8.2,13.1,234
51.7071,2.63212,1772326986,,2.7,190,,8.2,13.1,234
51.70744,2.63208,1772326957,,2.6,190,,8.2,13.1,234
51.70769,2.63206,1772326936,,2.6,190,,8.2,13.1,234
51.70793,2.63205,1772326916,,2.6,191,,8.2,13.1,234
51.70854,2.63197,1772326866,,2.7,192,,8.2,13.1,234
51.70878,2.63194,1772326846,,2.7,192,,8.2,13.1,234
51.70904,2.63189,1772326826,,2.7,191,,8.2,13.1,234
51.70929,2.6318,1772326806,,2.7,190,,8.2,13.1,234
51.70976,2.63173,1772326767,,2.7,190,,8.2,13.1,234
51.71028,2.63167,1772326726,,2.8,192,,8.2,13.1,234
51.71054,2.63164,1772326707,,2.9,192,,8.2,13.1,234
51.71079,2.63159,1772326687,,2.9,192,,8.2,13.1,234
51.7112,2.63143,1772326656,,3,189,,8.2,13.3,236
51.71146,2.63132,1772326637,,3.1,187,,8.2,13.3,236
51.71174,2.63121,1772326616,,3,185,,8.2,13.3,236
51.71202,2.63113,1772326596,,3,185,,8.2,13.3,236
51.7127,2.63109,1772326546,,3,189,,8.2,13.3,236
51.71296,2.63108,1772326527,,3,189,,8.2,13.3,236
51.71322,2.6311,1772326507,,3,190,,8.2,13.3,236
51.7135,2.63116,1772326486,,3,193,,8.2,13.3,236
51.71377,2.6312,1772326467,,3.1,194,,8.2,13.3,236
51.71404,2.63123,1772326447,,3.1,194,,8.2,13.3,236
51.7145,2.63126,1772326416,,3.2,194,,8.2,13.3,236
51.71479,2.63127,1772326397,,3.3,194,,8.2,13.3,236
51.71511,2.63132,1772326376,,3.3,194,,8.2,13.3,236
51.71555,2.63143,1772326347,,3.4,196,,8.2,13.3,236
51.71585,2.63151,1772326327,,3.4,198,,8.2,13.3,236
51.71617,2.63159,1772326306,,3.6,198,,8.2,13.3,236
51.71684,2.63167,1772326267,,3.8,196,,8.2,13.3,236
51.7172,2.63169,1772326246,,3.9,194,,8.2,13.3,236
51.71754,2.63174,1772326227,,3.9,195,,8.2,13.3,236
51.71788,2.6318,1772326207,,4,195,,8.2,13.3,236
51.71825,2.6319,1772326186,,4.1,197,,8.2,13.3,236
51.71844,2.63195,1772326176,,4.2,198,,8.2,13.3,236
51.71863,2.632,1772326167,,4.3,198,,8.2,13.3,236
51.71886,2.63202,1772326156,,4.4,197,,8.2,13.3,236
51.71904,2.63203,1772326147,,4.5,196,,8.2,13.3,236
51.71923,2.63202,1772326137,,4.7,195,,8.2,13.3,236
51.72014,2.63179,1772326096,,4.8,186,,8.2,13.3,236
51.72034,2.63174,1772326087,,4.8,185,,8.2,13.3,236
51.72079,2.63169,1772326066,,4.7,186,,8.2,13.3,236
51.721,2.63169,1772326056,,4.6,187,,8.2,13.4,238
51.72122,2.63166,1772326046,,4.6,187,,8.2,13.4,238
51.72144,2.63161,1772326036,,4.5,186,,8.2,13.4,238
51.72163,2.63156,1772326027,,4.4,186,,8.2,13.4,238
51.72203,2.63144,1772326006,,4.2,184,,8.2,13.4,238
51.72223,2.63139,1772325997,,4.1,184,,8.2,13.4,238
51.72243,2.63133,1772325986,,3.9,183,,8.2,13.4,238
51.72261,2.63127,1772325976,,3.8,183,,8.2,13.4,238
51.72294,2.63119,1772325957,,3.6,184,,8.2,13.4,238
51.72313,2.63114,1772325946,,3.4,184,,8.2,13.4,238
51.72344,2.63108,1772325926,,3.2,186,,8.2,13.4,238
51.72372,2.631,1772325907,,3,186,,8.2,13.4,238
51.72399,2.6309,1772325887,,3,186,,8.2,13.4,238
51.72428,2.63078,1772325866,,3,186,,8.2,13.4,238
51.72515,2.63037,1772325797,,2.8,185,,8.2,13.4,238
51.72539,2.63025,1772325777,,2.7,185,,8.2,13.4,238
51.72566,2.63011,1772325756,,2.7,186,,8.2,13.4,238
51.72589,2.62996,1772325737,,2.7,185,,8.2,13.4,238
51.72612,2.6298,1772325717,,2.7,185,,8.2,13.4,238
51.72634,2.62962,1772325696,,2.7,184,,8.2,13.4,238
51.72655,2.62942,1772325677,,2.7,183,,8.2,13.4,238
51.72678,2.62919,1772325657,,2.7,182,,8.2,13.4,238
51.72699,2.62897,1772325636,,2.8,181,,8.2,13.4,238
51.72719,2.62871,1772325617,,3,179,,8.2,13.4,238
51.72747,2.62821,1772325587,,3,173,,8.2,13.4,238
51.72765,2.62788,1772325567,,3,172,,8.2,13.4,238
51.72782,2.62752,1772325546,,3,171,,8.2,13.4,238
51.72798,2.62717,1772325527,,3.1,169,,8.2,13.4,238
51.72815,2.62678,1772325507,,3.3,168,,8.2,13.4,238
51.7283,2.62637,1772325487,,3.6,165,,8.2,13.4,238
51.72843,2.62586,1772325467,,3.9,161,,8.2,13.4,238
51.72859,2.62502,1772325437,,4.2,153,,8.3,13.6,240
51.72866,2.62459,1772325423,,4.4,148,,8.4,13.6,236
51.72871,2.62416,1772325410,,4.7,145,,8.4,13.6,236
51.72874,2.62368,1772325396,,4.9,141,,8.4,13.6,236
51.72877,2.62324,1772325383,,5.1,88.9,,8.4,13.6,236
51.72876,2.62272,1772325370,,5.3,86.2,,8.4,13.6,236
51.72865,2.62124,1772325333,,5.8,79.5,,8.4,13.6,236
51.7286,2.62068,1772325320,,6,76,,8.4,13.6,236
51.72856,2.62038,1772325313,,6.1,74,,8.4,13.6,236
51.72838,2.61938,1772325290,,6.4,68.7,,8.4,13.6,236
51.72831,2.61905,1772325283,,6.5,67.6,,8.4,13.6,236
51.72814,2.61832,1772325267,,6.5,65.6,,8.4,13.6,236
51.72791,2.61756,1772325247,,6.6,63.5,,8.4,13.6,236
51.72762,2.61661,1772325227,,6.7,60.7,,8.4,13.6,236
51.72734,2.61583,1772325210,,6.9,56.5,,8.4,13.6,236
51.72725,2.61557,1772325203,,7,54.7,,8.4,13.6,236
51.72701,2.615,1772325190,,7.1,51.6,,8.4,13.6,236
51.72688,2.6147,1772325183,,7.2,49.3,,8.4,13.6,236
51.72674,2.61442,1772325177,,7.3,47.7,,8.4,13.6,236
51.71879,2.60233,1772324857,,7.5,42.6,,8.4,13.9,240
51.71773,2.60077,1772324816,,7.5,43.2,,8.4,13.9,240
51.7175,2.60043,1772324807,,7.5,43.2,,8.4,13.9,240
51.69269,2.56449,1772323846,,7.6,41.6,,8.4,13.9,240
51.69242,2.56411,1772323837,,7.6,41.7,,8.4,13.9,240
51.69215,2.5637,1772323826,,7.6,41.7,,8.4,13.9,240
51.67785,2.54149,1772323257,,7.5,44,,8.4,14,242
51.67758,2.54106,1772323245,,7.5,43.6,,8.4,14,242
51.67736,2.54072,1772323236,,7.4,43.2,,8.4,14,242
51.66404,2.51837,1772322676,,7.4,47.5,,8.4,14,243
51.66283,2.51626,1772322626,,7.4,49.1,,8.4,14,243
51.6626,2.51583,1772322617,,7.4,49.5,,8.4,14,243
51.66192,2.51448,1772322586,,7.4,51.4,,8.4,14,243
51.66171,2.51404,1772322576,,7.4,51.7,,8.4,14,243
51.63876,2.45121,1772321167,,6.8,60.1,,8.4,14,246
51.63858,2.45074,1772321157,,6.9,61.1,,8.4,14,246
51.63845,2.45033,1772321147,,6.8,61.8,,8.4,14,246
51.62795,2.42294,1772320566,,8.6,57.1,,8.4,14,247
51.60313,2.36145,1772319746,,14.1,55.6,,8.4,14.3,250
51.60228,2.35941,1772319720,,14.1,54.5,,8.4,14.3,250
51.59329,2.34544,1772319532,,14.3,38,,8.4,14.3,250
51.55715,2.30034,1772318839,,14.2,37.9,,8.4,15.3,252
51.52021,2.25439,1772318119,,14,37.5,,8.4,15.7,253
51.51991,2.254,1772318112,,14,37.5,,8.4,15.7,253
51.51865,2.25248,1772318088,,14,37.6,,8.4,15.7,253
51.48706,2.2187,1772317496,,13.8,32.1,,8.4,16.3,254
51.48433,2.21589,1772317446,,13.8,33.7,,8.4,16.3,254
51.48382,2.21535,1772317436,,13.8,34,,8.4,16.3,254
51.47554,2.2056,1772317278,,13.8,37.5,,8.4,16.3,254
51.47308,2.20258,1772317227,,13.8,37.2,,8.4,16.3,254
51.47249,2.20181,1772317215,,13.8,37.3,,8.4,16.3,254
51.47056,2.19944,1772317178,,13.8,37.6,,8.4,16.3,254
51.46998,2.19877,1772317168,,13.8,37.7,,8.4,16.3,254
51.4685,2.19691,1772317139,,13.8,37.6,,8.4,16.3,254
51.46747,2.19567,1772317119,,13.8,37.9,,8.4,16.3,254
51.46646,2.19432,1772317096,,13.8,37.7,,8.4,16.3,254
51.43016,2.14904,1772316379,,13.6,38.7,,8.4,17.2,256
51.42821,2.14657,1772316336,,13.5,37.4,,8.4,17.2,256
51.42721,2.14534,1772316317,,13.4,36.4,,8.4,17.2,256
51.42579,2.14369,1772316289,,13.3,33.1,,8.4,17.2,256
51.42525,2.14307,1772316276,,13.3,31.5,,8.4,17.2,256
51.42425,2.14209,1772316256,,13.3,27.6,,8.4,17.2,256
51.42362,2.1415,1772316246,,13.3,24.4,,8.4,17.2,256
51.42329,2.14124,1772316241,,13.3,22.7,,8.4,17.2,256
51.42289,2.14095,1772316234,,13.3,20.4,,8.4,17.2,256
51.42253,2.1407,1772316229,,13.4,18.3,,8.4,17.2,256
51.42195,2.14037,1772316216,,13.4,16.2,,8.4,17.2,256
51.4213,2.14005,1772316205,,13.5,16.1,,8.4,17.2,256
51.42069,2.13979,1772316195,,13.5,16,,8.4,17.2,256
51.42016,2.13951,1772316186,,13.4,15,,8.4,17.2,256
51.41964,2.13925,1772316177,,13.4,13.4,,8.4,17.2,256
51.41837,2.1388,1772316160,,13.4,7.5,,8.4,17.2,256
51.41794,2.13869,1772316150,,13.4,5.3,,8.4,17.2,256
51.41756,2.13861,1772316143,,13.4,3.8,,8.4,17.2,256
51.41707,2.13853,1772316135,,13.4,2.1,,8.4,17.2,256
51.41653,2.13849,1772316126,,13.4,0.8,,8.4,17.2,256
51.41396,2.13837,1772316085,,13.5,2.1,,8.4,17.2,256
51.41152,2.13821,1772316046,,13.5,2.4,,8.4,17.2,256
51.41027,2.13817,1772316026,,13.5,2.5,,8.4,17.2,256
51.4096,2.1381,1772316015,,13.5,2.6,,8.4,17.2,256
51.40905,2.13804,1772316006,,13.4,2.8,,8.4,17.2,256
51.40667,2.13783,1772315966,,13.4,2.3,,8.4,17.2,256
51.40466,2.13776,1772315940,,13.4,1.9,,8.4,17.2,256
51.40157,2.13757,1772315886,,13.4,2.4,,8.4,17.2,256
51.40098,2.13752,1772315879,,13.4,2.2,,8.4,17.2,256
51.40035,2.13751,1772315869,,13.4,2.3,,8.4,17.2,256
51.39911,2.13738,1772315850,,13.3,1.7,,8.4,17.5,256
51.39851,2.13735,1772315835,,13.3,1.6,,8.4,17.5,256
51.39786,2.13735,1772315826,,13.3,1.7,,8.4,17.5,256
51.39597,2.13723,1772315795,,13.3,1.6,,8.4,17.5,256
51.39542,2.13716,1772315788,,13.3,1.9,,8.4,17.5,256
51.39476,2.13712,1772315775,,13.3,1.9,,8.4,17.5,256
51.39421,2.13717,1772315766,,13.3,2.1,,8.4,17.5,256
51.39359,2.13716,1772315757,,13.3,2.7,,8.4,17.5,256
51.3923,2.13705,1772315735,,13.3,3.4,,8.4,17.5,256
51.39167,2.13698,1772315725,,13.3,3.3,,8.4,17.5,256
51.38988,2.13687,1772315696,,13.2,2.7,,8.4,17.5,256
51.38933,2.13682,1772315687,,13.2,3,,8.4,17.5,256
51.38864,2.13678,1772315675,,13.2,3,,8.4,17.5,256
51.38798,2.13672,1772315665,,13.2,2.8,,8.4,17.5,256
51.38744,2.13669,1772315655,,13.1,2.8,,8.4,17.5,256
51.38263,2.13608,1772315576,,13.1,5.8,,8.4,17.5,256
51.38203,2.13599,1772315568,,13.2,6.3,,8.4,17.5,256
51.38136,2.13588,1772315555,,13.2,6.9,,8.4,17.5,256
51.38075,2.13575,1772315545,,13.2,7.7,,8.4,17.5,256
51.3802,2.13565,1772315535,,13.2,8.9,,8.4,17.5,256
51.37901,2.13538,1772315521,,13.3,11.9,,8.4,17.5,256
51.37848,2.13523,1772315508,,13.4,14.1,,8.4,17.5,256
51.37717,2.13468,1772315487,,13.5,16.4,,8.4,17.5,256
51.37656,2.13439,1772315477,,13.5,17,,8.4,17.5,256
51.36121,2.12537,1772315216,,13.7,20.6,,8.7,15.8,255
51.36062,2.12501,1772315205,,13.7,20.8,,8.7,15.8,255
51.36006,2.1246,1772315196,,13.7,20.3,,8.6,15.3,254
51.35583,2.1224,1772315126,,13.6,14.6,,8.6,15.3,254
51.35517,2.12208,1772315115,,13.6,14.4,,8.6,15.3,254
51.35463,2.12183,1772315106,,13.6,14.1,,8.6,15.3,254
51.35395,2.12158,1772315095,,13.5,13,,8.6,15.3,254
51.35334,2.12133,1772315085,,13.5,11,,8.6,15.3,254
51.3528,2.12116,1772315076,,13.5,8.9,,8.6,15.3,254
51.35226,2.12103,1772315066,,13.5,7,,8.6,15.3,254
51.3516,2.12091,1772315058,,13.5,6.8,,8.6,15.3,254
51.35104,2.12081,1772315048,,13.5,6.8,,8.6,15.3,254
51.35028,2.12062,1772315037,,13.5,5.9,,8.6,15.3,254
51.34537,2.12009,1772314956,,13.3,3.2,,8.6,15.3,254
51.34476,2.12004,1772314946,,13.3,2.8,,8.6,15.3,254
51.3435,2.11998,1772314926,,13.2,359.4,,8.6,15.3,254
51.34228,2.11999,1772314905,,13.2,0.3,,8.6,15.3,254
51.34171,2.11998,1772314896,,13.2,359.2,,8.6,15.3,254
51.34111,2.12,1772314886,,13.1,358.3,,8.6,15.3,254
51.34045,2.12004,1772314876,,13.1,358.8,,8.6,15.3,254
51.33989,2.12002,1772314867,,13.1,357.5,,8.6,15.3,254
51.33867,2.12006,1772314847,,13.1,357.1,,8.6,15.3,254
51.33808,2.12011,1772314836,,13.1,357.8,,8.6,15.3,254
51.33688,2.12018,1772314816,,13,356.8,,8.6,15.3,254
51.33628,2.12023,1772314806,,12.9,355.3,,8.6,15.3,254
51.33562,2.1203,1772314797,,12.9,353.2,,8.6,15.3,254
51.33514,2.1204,1772314790,,12.9,351.4,,8.6,15.3,254
51.33448,2.12056,1772314776,,12.8,350.1,,8.6,15.3,254
51.33163,2.12155,1772314727,,12.7,343.6,,8.6,15.3,254
51.33107,2.12177,1772314718,,12.7,341.6,,8.6,15.3,254
51.3305,2.12206,1772314709,,12.7,340.4,,8.6,15.3,254
51.32929,2.1228,1772314685,,12.6,339.3,,8.6,15.3,254
51.32828,2.1234,1772314667,,12.5,337.9,,8.6,15.3,254
51.32774,2.12373,1772314656,,12.5,338.4,,8.7,15.8,255
51.32563,2.12515,1772314616,,12.4,336.2,,8.8,16.2,256
51.32518,2.12548,1772314607,,12.4,336.7,,8.8,16.2,256
51.32458,2.12592,1772314596,,12.4,336.6,,8.8,16.2,256
51.32404,2.12631,1772314586,,12.4,337.3,,8.8,16.2,256
51.32292,2.12707,1772314565,,12.4,337.9,,8.8,16.2,256
51.32132,2.12811,1772314535,,12.3,337.5,,8.8,16.2,256
51.32086,2.12842,1772314526,,12.3,337.8,,8.8,16.2,256
51.32041,2.1287,1772314517,,12.2,337.6,,8.8,16.2,256
51.31418,2.13273,1772314395,,11.8,338.3,,8.8,16.2,256
51.31211,2.13401,1772314355,,11.6,340.5,,8.8,16.2,256
51.3116,2.1343,1772314345,,11.6,341.9,,8.8,16.2,256
51.31109,2.13459,1772314335,,11.7,344.3,,8.8,16.2,256
51.31058,2.13484,1772314325,,11.8,347.5,,8.8,16.2,256
51.31003,2.13506,1772314315,,12,349.6,,8.8,16.2,256
51.30896,2.13535,1772314297,,12.1,353.6,,8.8,16.2,256
51.30825,2.13552,1772314285,,12.4,358.2,,8.8,16.2,256
51.30803,2.13556,1772314279,,12.5,0.7,,8.8,16.2,256
51.30769,2.13557,1772314273,,12.7,2.4,,8.8,16.2,256
51.3073,2.13558,1772314265,,12.8,5.2,,8.8,16.2,256
51.30655,2.13545,1772314254,,13,8.8,,8.8,16.2,256
51.30618,2.13538,1772314247,,13.2,10.9,,8.8,16.2,256
51.30574,2.13526,1772314239,,13.2,11.7,,8.8,16.2,256
51.30531,2.13516,1772314232,,13.3,12.9,,8.8,16.2,256
51.29599,2.12982,1772314075,,13.7,20.4,,8.8,16.2,256
51.29545,2.1295,1772314066,,13.7,19.8,,8.8,16.2,256
51.29486,2.12912,1772314056,,13.7,20.4,,8.8,16.5,256
51.2942,2.12873,1772314045,,13.7,20.3,,8.8,16.5,256
51.29369,2.12845,1772314036,,13.7,20.1,,8.8,16.5,256
51.29302,2.12804,1772314025,,13.7,20.5,,8.8,16.5,256
51.29243,2.12771,1772314015,,13.7,20.9,,8.8,16.5,256
51.29196,2.12742,1772314006,,13.7,20.4,,8.8,16.5,256
51.28882,2.12558,1772313955,,13.6,20.2,,8.8,16.5,256
51.28834,2.1253,1772313946,,13.6,20.1,,8.8,16.5,256
51.28774,2.12495,1772313936,,13.6,20.6,,8.7,16.3,256
51.28655,2.12422,1772313916,,13.7,21.2,,8.7,16.3,256
51.28602,2.12392,1772313907,,13.7,21.7,,8.7,16.3,256
51.28479,2.12314,1772313886,,13.7,22,,8.7,16.3,256
51.28422,2.1228,1772313876,,13.6,22.2,,8.7,16.3,256
51.28364,2.12243,1772313866,,13.6,22.4,,8.7,16.3,256
51.2767,2.11752,1772313746,,13.7,25.8,,8.7,16.3,256
51.27612,2.11709,1772313736,,13.8,26.6,,8.7,16.3,256
51.27449,2.11578,1772313706,,13.7,27.4,,8.7,16.3,256
51.2733,2.11474,1772313686,,13.7,27.9,,8.7,16.3,256
51.2728,2.11434,1772313676,,13.7,27.5,,8.7,16.3,256
51.27218,2.11388,1772313667,,13.7,27.3,,8.7,16.3,256
51.27109,2.11295,1772313647,,13.8,29.3,,8.7,16.3,256
51.26997,2.11193,1772313626,,13.8,29.8,,8.7,16.3,256
51.26942,2.1114,1772313616,,13.8,29.7,,8.7,16.3,256
51.22996,2.07634,1772312896,,13.1,29.4,,8.8,16.7,257
51.22938,2.07583,1772312885,,13.1,29.5,,8.8,16.7,257
51.22437,2.07112,1772312786,,12.9,34.2,,8.8,17.1,257
51.22385,2.07061,1772312776,,12.9,35.9,,8.8,17.1,257
51.22143,2.06755,1772312727,,13,43.6,,8.8,17.1,257
51.22123,2.06729,1772312722,,13.1,44.7,,8.8,17.1,257
51.20222,2.01036,1772312076,,13.6,63.7,,8.8,17.3,256
51.18187,1.94531,1772311345,,13.4,63.2,,8.8,17.4,255
51.16187,1.88081,1772310619,,13.3,63.2,,8.9,17.6,255
51.16158,1.87983,1772310605,,13.3,63.3,,8.9,17.6,255
51.16129,1.87901,1772310595,,13.3,63.4,,8.9,17.6,255
51.15594,1.86164,1772310397,,13.3,63.4,,8.4,15.8,251
51.13703,1.79627,1772309656,,13.1,65.8,,8.5,15.9,250
51.12808,1.76518,1772309296,,12.8,62.5,,8.5,15.9,250
51.1278,1.76427,1772309286,,12.8,61.6,,8.5,15.9,250
51.12627,1.7601,1772309235,,12.8,56.4,,8.5,16.2,250
51.12599,1.75938,1772309226,,12.8,54.9,,8.5,16.2,250
51.12417,1.75561,1772309175,,12.8,49.9,,8.5,18.2,253
51.1238,1.75487,1772309166,,12.8,49.9,,8.5,18.2,253
51.11816,1.74506,1772309025,,12.8,46.7,,8.5,18.2,253
51.11779,1.74444,1772309016,,12.8,46.6,,8.5,18.2,253
51.11741,1.74376,1772309005,,12.8,46.4,,8.5,18.2,253
51.11701,1.74308,1772308995,,12.8,46.2,,8.5,18.2,253
51.09878,1.7149,1772308567,,12.6,43.8,,8.5,18.5,253
51.09831,1.7142,1772308555,,12.6,43.9,,8.5,18.5,253
51.06571,1.66387,1772307766,,12.2,44.2,,8.5,18.8,252
51.06535,1.66331,1772307757,,12.3,44.3,,8.5,18.8,252
51.04824,1.63856,1772307345,,12.1,41.1,,8.6,19.2,252
51.04786,1.63803,1772307336,,12.1,41.2,,8.6,19.2,252
51.04748,1.63747,1772307327,,12.1,41.2,,8.6,19.2,252
51.01361,1.59,1772306516,,12,42,,8.6,18.5,254
51.01321,1.58943,1772306506,,12.1,41.9,,8.6,18.5,254
51.01279,1.58879,1772306495,,12,41.9,,8.6,18.5,254
51.01241,1.58827,1772306486,,12.1,42.2,,8.6,18.5,254
51.01195,1.58759,1772306475,,12,42.2,,8.6,18.5,254
51.01155,1.58705,1772306466,,12,42.6,,8.6,18.5,254
50.97824,1.53896,1772305647,,11.8,42.4,,8.6,19.2,253
50.97741,1.53773,1772305627,,11.9,41.9,,8.6,19.2,253
50.97616,1.53599,1772305596,,11.9,41.6,,8.6,19.2,253
50.97533,1.53486,1772305580,,11.9,41.6,,8.6,19.2,253
50.94224,1.48543,1772304745,,11.6,44.2,,8.6,19.5,252
50.94186,1.48486,1772304736,,11.6,44.4,,8.6,19.5,252
50.94146,1.4842,1772304725,,11.6,43.9,,8.6,19.5,252
50.93991,1.48185,1772304685,,11.6,43.6,,8.6,19.5,252
50.93721,1.47791,1772304616,,11.5,41.2,,8.6,19.5,252
50.93682,1.47736,1772304606,,11.5,40.4,,8.6,19.5,252
50.93642,1.47678,1772304596,,11.5,39.5,,8.6,19.5,252
50.93605,1.47631,1772304587,,11.5,38.2,,8.6,19.5,252
50.93563,1.47581,1772304576,,11.5,37.3,,8.6,19.5,252
50.93519,1.47523,1772304566,,11.5,36.4,,8.6,19.5,252
50.93469,1.47463,1772304556,,11.5,35.2,,8.6,19.5,252
50.93426,1.47412,1772304547,,11.5,33.2,,8.6,19.5,252
50.93382,1.47364,1772304537,,11.4,32.5,,8.6,19.5,252
50.93342,1.47324,1772304529,,11.4,32.1,,8.6,19.5,252
50.93207,1.47194,1772304496,,11.4,28.3,,8.6,19.5,252
50.93117,1.47115,1772304476,,11.4,26.2,,8.6,19.5,252
50.93027,1.47044,1772304456,,11.4,26.3,,8.6,19.8,251
50.89244,1.45415,1772303706,,11.1,14.9,,8.7,20.2,250
50.89199,1.45396,1772303699,,11.1,14.8,,8.7,20.2,250
50.89001,1.4532,1772303659,,11.1,14.9,,8.7,20.2,250
50.85633,1.43889,1772302975,,11,15.6,,8.7,18,254
50.85342,1.43757,1772302915,,11.1,17.3,,8.7,18,254
50.85291,1.43733,1772302905,,11.1,16.5,,8.7,18,254
50.8524,1.43712,1772302895,,11.1,15.7,,8.7,18,254
50.85187,1.43686,1772302885,,11.1,15.7,,8.7,18,254
50.85144,1.43667,1772302876,,11.1,15.5,,8.7,18,254
50.84992,1.43602,1772302845,,11.1,15.5,,8.7,18,254
50.84749,1.43493,1772302796,,11.1,15.3,,8.7,18,254
50.8441,1.4333,1772302726,,11.2,17.1,,8.7,18,254
50.84356,1.43303,1772302715,,11.2,16.7,,8.7,18,254
50.84212,1.43236,1772302686,,11.2,17.2,,8.7,18,254
50.84113,1.43183,1772302666,,11.2,16.5,,8.7,18,254
50.84009,1.43135,1772302645,,11.2,15.8,,8.7,18,254
50.83918,1.43095,1772302626,,11.2,16.7,,8.7,18,254
50.83869,1.43071,1772302616,,11.2,15.9,,8.7,18,254
50.83818,1.43049,1772302606,,11.2,15.7,,8.7,18,254
50.83768,1.43028,1772302596,,11.2,16.3,,8.7,18,254
50.83613,1.42957,1772302566,,11.2,16.1,,8.7,18,254
50.83563,1.42931,1772302556,,11.2,15.3,,8.7,18,254
50.83463,1.42886,1772302536,,11.2,15.1,,8.7,18,254
50.83418,1.42866,1772302526,,11.2,15,,8.7,18,254
50.83368,1.42846,1772302516,,11.2,14.8,,8.7,18,254
50.83312,1.42825,1772302506,,11.2,14.9,,8.7,18,254
50.82758,1.42583,1772302395,,11.2,17,,8.7,18,254
50.82714,1.42562,1772302386,,11.3,17.3,,8.7,18,254
50.82617,1.42511,1772302365,,11.3,16.7,,8.7,18,254
50.78271,1.40431,1772301497,,11.3,17.7,,8.7,18.1,254
50.78217,1.40405,1772301485,,11.3,18,,8.7,18.1,254
50.78167,1.40378,1772301475,,11.3,18.1,,8.7,18.1,254
50.78122,1.40356,1772301466,,11.3,18.5,,8.7,18.1,254
50.77977,1.40279,1772301437,,11.3,17.9,,8.7,18.3,254
50.77923,1.40249,1772301425,,11.3,17,,8.7,18.3,254
50.77828,1.40203,1772301406,,11.4,16.4,,8.7,18.3,254
50.7772,1.40155,1772301385,,11.3,17,,8.7,18.3,254
50.77676,1.40133,1772301377,,11.3,17.6,,8.7,18.3,254
50.77618,1.401,1772301365,,11.4,17.8,,8.7,18.3,254
50.73303,1.38025,1772300505,,11.4,17.3,,8.7,18.4,253
50.73248,1.37998,1772300495,,11.4,17.5,,8.7,18.4,253
50.70439,1.36435,1772299927,,11.2,18.3,,8.9,20,253
50.70093,1.36234,1772299857,,11.2,20.5,,8.9,20,253
50.69949,1.36145,1772299826,,11.1,21.1,,8.9,20,253
50.69901,1.36115,1772299816,,11.1,21.1,,8.9,20,253
50.69854,1.36087,1772299806,,11,21.7,,8.9,20,253
50.69807,1.36061,1772299797,,11.1,22.7,,8.9,20,253
50.69429,1.35804,1772299715,,11,26.3,,8.9,20,253
50.69388,1.35774,1772299706,,11,26.9,,8.9,20,253
50.69338,1.35737,1772299696,,11,27.3,,8.9,20,253
50.6929,1.35694,1772299686,,11,28.3,,8.9,20,253
50.69249,1.35661,1772299677,,11,30.4,,8.9,20,253
50.69155,1.35575,1772299655,,11.2,35.5,,8.9,20,253
50.67596,1.32723,1772299217,,11.9,51.2,,8.9,20,253
50.67526,1.32588,1772299196,,11.9,51.1,,8.9,20,253
50.67253,1.32035,1772299115,,11.9,52.7,,8.9,20,253
50.6456,1.2627,1772298296,,11.9,53.4,,8.7,20.2,252
50.61834,1.2045,1772297465,,12,53.5,,8.8,17.5,255
50.5909,1.14628,1772296635,,12.1,53,,8.8,18.2,256
50.58628,1.1366,1772296496,,12.1,53.2,,8.8,18.2,256
50.58438,1.13243,1772296436,,12.1,53.5,,8.8,18.2,256
50.55389,1.07004,1772295536,,12.1,51.8,,8.9,18,257
50.55349,1.06928,1772295525,,12.1,51.6,,8.9,18,257
50.55253,1.06726,1772295495,,12.1,51.3,,8.9,18,257
50.55186,1.06595,1772295476,,12.1,51,,8.9,18,257
50.55112,1.06458,1772295456,,12.1,51,,8.9,18,258
50.52322,1.0073,1772294638,,12.1,53.7,,8.9,18.3,258
50.5225,1.0058,1772294615,,12.1,54.4,,8.9,18.3,258
50.52191,1.00449,1772294598,,12.1,55.4,,8.9,18.3,258
50.51048,0.9711,1772294167,,12.2,66.9,,8.9,18.8,259
50.51025,0.97029,1772294158,,12.1,67.1,,8.9,18.8,259
50.50028,0.92636,1772293627,,12.3,71.7,,8.9,19.3,259
50.50008,0.92542,1772293616,,12.3,71.5,,8.9,19.3,259
50.49995,0.92469,1772293608,,12.3,71.5,,8.9,19.3,259
50.4994,0.92208,1772293578,,12.3,71.6,,8.9,19.3,259
50.49923,0.92131,1772293568,,12.2,71.6,,8.9,19.3,259
50.49639,0.90684,1772293396,,12.2,74.3,,8.9,19.3,259
50.48427,0.83818,1772292596,,12.4,74.2,,9,19.2,259
50.47202,0.76988,1772291806,,12.3,74.1,,9,19.8,260
50.47154,0.76726,1772291776,,12.4,73.8,,9,19.8,260
50.47102,0.76471,1772291748,,12.4,73.8,,9,19.8,260
50.4708,0.7637,1772291737,,12.3,73.8,,9,19.8,260
50.47028,0.76053,1772291699,,12.4,74,,9,19.8,260
50.45744,0.69189,1772290896,,12.2,73.6,,9,20.2,260
50.45637,0.68605,1772290829,,12.2,73.4,,9,20.2,260
50.45621,0.68522,1772290817,,12.2,73.3,,9,20.2,260
50.45545,0.68109,1772290769,,12.2,73.4,,9,20.2,260
50.4553,0.68022,1772290757,,12.2,73.2,,9,20.2,260
50.44237,0.6123,1772289958,,12.2,72.9,,9,20.4,262
50.4292,0.54457,1772289148,,12.1,73.2,,9,20.6,263
50.41585,0.47624,1772288327,,12,73.4,,9,20.8,264
50.40241,0.40848,1772287508,,11.9,72,,9,21.1,265
50.38861,0.34047,1772286677,,11.8,73.4,,9,21.3,265
50.37501,0.27269,1772285846,,11.8,72.8,,8.9,21.6,266
50.36132,0.20472,1772285008,,11.7,71.9,,9.2,20.8,268
50.36056,0.20086,1772284958,,11.7,71.5,,9.2,20.8,268
50.35017,0.15264,1772284357,,11.7,71.8,,9.2,20.9,269
50.35001,0.15181,1772284348,,11.8,71.9,,9.2,20.9,269
50.34979,0.15088,1772284335,,11.7,72.2,,9.2,20.9,269
50.34913,0.14777,1772284296,,11.8,73.2,,9.2,20.9,269
50.34898,0.14696,1772284288,,11.8,73.5,,9.2,20.9,269
50.34884,0.14614,1772284277,,11.8,74.1,,9.2,20.9,269
50.34868,0.14534,1772284267,,11.8,74,,9.2,20.9,269
50.34853,0.14449,1772284258,,11.8,73.4,,9.2,20.9,269
50.34838,0.14368,1772284248,,11.8,73.2,,9.2,20.9,269
50.34803,0.1421,1772284229,,11.8,73.5,,9.2,20.9,269
50.34786,0.14119,1772284217,,11.7,73.4,,9.2,20.9,269
50.34768,0.14037,1772284207,,11.8,73.4,,9.2,20.9,269
50.34734,0.13873,1772284187,,11.7,73.5,,9.2,20.9,269
50.34663,0.13476,1772284137,,11.8,73.2,,9.2,20.9,269
50.3465,0.13395,1772284127,,11.8,73.1,,9.2,20.9,269
50.34559,0.12899,1772284068,,11.8,73,,9.2,20.9,269
50.34478,0.12499,1772284018,,11.8,73.2,,9.2,21.2,269
50.33231,0.05718,1772283187,,11.8,74.4,,9.2,21.5,270
50.31981,-0.0107,1772282356,,11.8,72.9,,9.2,21.8,270
50.30702,-0.07912,1772281517,,11.7,74.1,,9.1,22.5,271
50.30671,-0.08089,1772281498,,11.8,74.6,,9.1,22.5,271
50.29577,-0.14919,1772280667,,11.8,76,,9.1,22.8,273
50.29523,-0.15255,1772280625,,11.8,75.9,,9.1,22.8,273
50.28554,-0.22201,1772279787,,11.8,78,,9.1,23,273
50.2763,-0.2911,1772278945,,11.6,78.3,,9.1,23,273
50.26683,-0.36052,1772278095,,11.6,78.8,,9,23,274
50.25743,-0.42935,1772277247,,11.5,78.4,,8.9,22.9,276
50.25711,-0.43183,1772277217,,11.5,77.8,,8.9,22.9,276
50.25698,-0.43264,1772277208,,11.4,77.4,,8.9,22.9,276
50.24524,-0.50064,1772276356,,11.6,74.2,,8.9,23.9,279
50.23288,-0.56861,1772275515,,11.7,73.8,,8.9,23.6,279
50.22033,-0.63653,1772274675,,11.7,74.5,,8.8,23.4,281
50.20798,-0.70486,1772273836,,11.8,74.8,,8.8,23.1,282
