HOLGER G.
255916493
7
89
79
10
7
6
51.33537,3.81458,1773142441,,0.5,161,,11.4,4.5,229
51.33519,3.81454,1773142381,,0.6,160,,11.4,4.5,229
51.335,3.81453,1773142310,,0.5,162,,11.4,4.5,229
51.33482,3.81443,1773142181,,0.4,182,,10.9,3.7,236
51.33501,3.81448,1773142101,,0.3,197,,10.9,3.7,236
51.33516,3.81431,1773141981,,0.3,193,,10.9,3.7,236
51.33518,3.81401,1773141841,,0.3,190,,10.9,3.7,236
51.33519,3.8137,1773141730,,0.4,177,,10.9,3.7,236
51.33538,3.81363,1773141591,,0.2,175,,10.5,2.8,243
51.33524,3.81342,1773141460,,0.3,180,,10.5,2.8,243
51.33537,3.81321,1773141380,,0.9,181,,10.5,2.8,243
51.33558,3.81312,1773141340,,1.4,180,,10.5,2.8,243
51.33597,3.81306,1773141291,,1.8,181,,10.5,2.8,243
51.33622,3.81304,1773141260,,1.9,181,,10.5,2.8,243
51.33649,3.81302,1773141231,,1.9,182,,10.5,2.8,243
51.33686,3.81293,1773141190,,2,178,,10.5,2.8,243
51.33703,3.81285,1773141171,,2.2,174,,10.5,2.8,243
51.33725,3.81274,1773141150,,2.6,170,,10.5,2.8,243
51.3375,3.81266,1773141129,,3,169,,10.5,2.8,243
51.33777,3.81257,1773141111,,3.2,169,,10.5,2.8,243
51.33808,3.81251,1773141090,,3.3,171,,9.8,4,208
51.3387,3.81238,1773141051,,3.6,172,,9.8,4,208
51.33904,3.81229,1773141030,,3.7,172,,9.8,4,208
51.33971,3.81205,1773140991,,4,169,,9.8,4,208
51.33991,3.81197,1773140980,,4.1,169,,9.8,4,208
51.34027,3.81181,1773140961,,4.2,166,,9.8,4,208
51.34048,3.81172,1773140949,,4.3,165,,9.8,4,208
51.34126,3.81127,1773140910,,4.7,160,,9.8,4,208
51.34144,3.81115,1773140901,,4.8,159,,9.8,4,208
51.34189,3.8109,1773140880,,5,162.5,,9.8,4,208
51.34209,3.8108,1773140871,,5.1,163.2,,9.8,4,208
51.34235,3.81067,1773140860,,5.2,165.1,,9.8,4,208
51.34258,3.81057,1773140850,,5.4,167.7,,9.8,4,208
51.34279,3.81049,1773140841,,5.5,168.7,,9.8,4,208
51.34307,3.8104,1773140829,,5.7,170.3,,9.8,4,208
51.34357,3.81026,1773140811,,6,172.5,,9.8,4,208
51.34397,3.81018,1773140797,,6.1,166.2,,9.8,4,208
51.34416,3.81012,1773140790,,6.2,157.8,,9.8,4,208
51.35491,3.77728,1773140081,,7.8,116.3,,9.8,4.2,215
51.35509,3.7767,1773140070,,7.8,116.9,,9.8,4.2,215
51.35823,3.76342,1773139830,,8.1,109.4,,9.8,4.3,221
51.35848,3.76228,1773139810,,8.2,108.7,,9.8,4.3,221
51.36035,3.75548,1773139690,,8.4,115.5,,9.8,4.3,221
51.36052,3.75492,1773139680,,8.5,118.9,,9.8,4.3,221
51.36531,3.74269,1773139450,,8.4,125.1,,9.8,4.3,221
51.3655,3.74223,1773139441,,8.4,125,,9.8,4.3,221
51.36985,3.73403,1773139270,,8.5,130.9,,9.8,4.5,228
51.37009,3.73361,1773139261,,8.5,130.5,,9.8,4.5,228
51.37191,3.73017,1773139190,,8.5,130.5,,9.8,4.5,228
51.37216,3.72968,1773139181,,8.5,133.1,,9.8,4.5,228
51.37558,3.72447,1773139060,,8.4,137.6,,9.9,5,219
51.37584,3.7241,1773139051,,8.4,137.5,,9.9,5,219
51.37615,3.72362,1773139040,,8.4,139.8,,9.9,5,219
51.37651,3.72312,1773139028,,8.5,142.7,,9.9,5,219
51.37677,3.72283,1773139020,,8.5,142.4,,9.9,5,219
51.37705,3.72248,1773139011,,8.5,141.4,,9.9,5,219
51.37768,3.72167,1773138991,,8.5,141,,9.9,5,219
51.378,3.72124,1773138980,,8.4,140.9,,9.9,5,219
51.37827,3.72091,1773138971,,8.4,141.3,,9.9,5,219
51.37861,3.72048,1773138960,,8.4,140.9,,9.9,5,219
51.37889,3.72012,1773138951,,8.4,141.3,,9.9,5,219
51.39369,3.69964,1773138451,,8.5,138.7,,10,5.7,219
51.39402,3.69917,1773138440,,8.5,138.8,,10,5.7,219
51.40139,3.69059,1773138211,,8.7,145.2,,10,5.7,219
51.40172,3.69022,1773138201,,8.6,145.3,,10,5.7,219
51.40703,3.68548,1773138051,,8.7,151,,10.1,6.3,219
51.4106,3.68241,1773137950,,8.5,152.7,,10.1,6.3,219
51.41165,3.68154,1773137920,,8.5,151.4,,10.1,6.3,219
51.41268,3.68065,1773137890,,8.4,154,,10.1,6.3,219
51.41303,3.68037,1773137881,,8.4,154.8,,10.1,6.3,219
51.41336,3.68013,1773137871,,8.4,153.3,,10.1,6.3,219
51.41473,3.67883,1773137830,,8.4,147.7,,10.1,6.3,219
51.4151,3.67847,1773137819,,8.4,142.9,,10.1,6.3,219
51.41555,3.67788,1773137804,,8.4,138.7,,10.1,6.3,219
51.41572,3.67763,1773137798,,8.4,140.2,,10.1,6.3,219
51.41655,3.67659,1773137771,,8.4,142.6,,10.1,6.3,219
51.4168,3.67628,1773137763,,8.4,140.5,,10.1,6.3,219
51.41696,3.67609,1773137758,,8.4,138.2,,10.1,6.3,219
51.41736,3.67548,1773137743,,8.4,133.4,,10.1,6.3,219
51.41879,3.67313,1773137691,,8.3,135,,10.1,6.3,219
51.41988,3.6714,1773137651,,8.2,136.9,,10.1,6.3,219
51.42015,3.67099,1773137641,,8.2,137.4,,10.1,6.3,219
51.42046,3.67056,1773137630,,8.1,135.7,,10.1,6.3,219
51.42081,3.67001,1773137617,,8.1,130.6,,10.1,6.3,219
51.42096,3.66974,1773137610,,8.1,128.9,,10.1,6.3,219
51.42113,3.66941,1773137605,,8.1,129.7,,10.1,6.3,219
51.4216,3.66856,1773137586,,8.1,132.3,,10.1,6.3,219
51.4218,3.66821,1773137577,,8.1,129.8,,10.1,6.3,219
51.42314,3.66478,1773137510,,8.1,120.5,,10.1,6.3,219
51.42333,3.66427,1773137501,,8.1,117,,10.1,6.3,219
51.4236,3.66335,1773137484,,8.2,111.5,,10.1,7,219
51.42368,3.66301,1773137478,,8.1,113.1,,10.1,7,219
51.42377,3.66267,1773137471,,8.1,114.7,,10.1,7,219
51.42412,3.66152,1773137450,,8.1,116.2,,10.1,7,219
51.42429,3.661,1773137440,,8.1,113.6,,10.1,7,219
51.42481,3.65875,1773137400,,8.1,109.5,,10.1,7,219
51.42498,3.65789,1773137385,,8.1,104.6,,10.1,7,219
51.42518,3.65675,1773137365,,8,105.4,,10.1,7,219
51.42526,3.65634,1773137358,,8.1,101.9,,10.1,7,219
51.42145,3.62316,1773136820,,8.8,78.5,,8.4,7.8,213
51.42137,3.62252,1773136810,,8.7,78.8,,8.4,7.8,213
51.42119,3.62096,1773136786,,8.7,82.8,,8.4,7.8,213
51.42105,3.6193,1773136760,,8.6,79.1,,8.4,7.8,213
51.42065,3.61554,1773136700,,8.3,81.3,,8.4,7.8,213
51.42044,3.61312,1773136660,,8.1,83.7,,8.4,7.8,213
51.4204,3.61253,1773136650,,8,84.6,,8.4,7.8,213
51.42084,3.60261,1773136479,,8.6,95.2,,8.4,7.8,213
51.42088,3.60197,1773136470,,8.8,95.3,,8.4,7.8,213
51.42209,3.5905,1773136289,,8.5,101.5,,8.4,7.7,218
51.42216,3.58994,1773136281,,8.5,101.5,,8.4,7.7,218
51.42354,3.58327,1773136170,,8.2,109.9,,8.4,7.7,218
51.42364,3.58281,1773136161,,8.2,111.6,,8.4,7.7,218
51.42397,3.58164,1773136140,,8.2,117.8,,8.4,7.7,218
51.42458,3.57972,1773136104,,7.8,114.6,,8.4,7.7,218
51.42468,3.5794,1773136097,,7.7,115.6,,8.4,7.7,218
51.42624,3.57594,1773136023,,7.2,128.3,,8.4,7.7,218
51.42636,3.57569,1773136017,,7.1,129.3,,8.4,7.7,218
51.42662,3.5752,1773136004,,7.1,135.4,,8.4,7.7,218
51.42678,3.57493,1773135997,,7.2,140.4,,8.4,7.7,218
51.42698,3.57466,1773135989,,7.2,144.5,,8.4,7.7,218
51.42718,3.57444,1773135984,,7.1,144.1,,8.4,7.7,218
51.42757,3.57397,1773135967,,6.7,141.3,,8.4,7.7,218
51.42774,3.57375,1773135961,,6.8,144.2,,8.4,7.7,218
51.42789,3.57357,1773135955,,6.8,148.3,,8.4,7.7,218
51.42808,3.57338,1773135949,,7,152.8,,8.4,7.7,218
51.42852,3.57304,1773135932,,7.2,156.7,,8.4,7.7,218
51.4295,3.57233,1773135901,,7,153.7,,8.4,7.7,218
51.42983,3.57208,1773135889,,7,153.2,,8.4,7.7,218
51.43009,3.57186,1773135881,,7,153,,8.4,7.7,218
51.43038,3.57159,1773135871,,7,153.6,,8.4,7.7,218
51.43064,3.57137,1773135861,,7.1,155,,8.4,7.7,218
51.43094,3.57115,1773135852,,7.3,158.1,,8.4,7.7,218
51.43116,3.57101,1773135844,,7.4,160.3,,8.4,7.7,218
51.43138,3.57088,1773135837,,7.4,161.3,,8.4,7.7,218
51.43164,3.57073,1773135829,,7.4,160.4,,8.4,7.7,218
51.43385,3.56941,1773135761,,7.5,158.7,,8.4,7.7,218
51.43421,3.56919,1773135750,,7.5,157.9,,8.4,7.7,218
51.43482,3.56879,1773135730,,7.6,156.9,,8.4,7.7,218
51.43515,3.56856,1773135721,,7.6,155.8,,8.4,7.7,218
51.43615,3.5678,1773135690,,7.7,153.1,,8.4,7.5,224
51.43709,3.56706,1773135661,,8,154.4,,8.4,7.5,224
51.43742,3.5668,1773135651,,8,153.5,,8.4,7.5,224
51.43776,3.56653,1773135641,,8.1,152,,8.4,7.5,224
51.43813,3.56622,1773135630,,8.2,149.4,,8.4,7.5,224
51.43842,3.56594,1773135621,,8.3,148.6,,8.4,7.5,224
51.43875,3.56562,1773135610,,8.4,148.6,,8.4,7.5,224
51.43995,3.56452,1773135577,,8.8,150.2,,8.4,7.5,224
51.44016,3.56433,1773135570,,8.9,148.7,,8.4,7.5,224
51.44038,3.56413,1773135563,,8.9,145.5,,8.4,7.5,224
51.44059,3.56392,1773135558,,9,141.9,,8.4,7.5,224
51.44101,3.56337,1773135544,,9,138.3,,8.4,7.5,224
51.44145,3.56276,1773135531,,9,139.9,,8.4,7.5,224
51.44178,3.56233,1773135520,,9,138.8,,8.4,7.5,224
51.44245,3.56134,1773135499,,9,135.2,,8.4,7.5,224
51.44299,3.5605,1773135480,,9,136.4,,8.4,7.5,224
51.44329,3.56004,1773135471,,9.1,134.5,,8.4,7.5,224
51.44483,3.55701,1773135414,,9.1,125.1,,8.4,7.5,224
51.44495,3.55674,1773135408,,9.1,122,,8.4,7.5,224
51.4466,3.55063,1773135310,,9.4,112,,8.4,7.5,224
51.44678,3.54992,1773135300,,9.4,111.2,,8.4,7.5,224
51.45116,3.52901,1773134983,,9.2,108.1,,8.3,7.3,229
51.45124,3.52862,1773134977,,9.2,110.1,,8.3,7.3,229
51.4514,3.52791,1773134966,,9.1,114.4,,8.3,7.3,229
51.45151,3.52747,1773134960,,9.1,118.8,,8.3,7.3,229
51.45163,3.52711,1773134953,,9.2,122.6,,8.3,7.3,229
51.45183,3.52659,1773134944,,9.2,127.6,,8.3,7.3,229
51.45201,3.52621,1773134937,,9.3,131,,8.3,7.3,229
51.4522,3.52584,1773134931,,9.3,133.4,,8.3,7.3,229
51.45279,3.52484,1773134910,,9.3,134.5,,8.3,7.3,229
51.45319,3.52421,1773134897,,9.4,138.6,,8.3,7.3,229
51.45345,3.52384,1773134892,,9.4,140.9,,8.3,7.3,229
51.45365,3.52357,1773134884,,9.4,142.4,,8.3,7.3,229
51.45424,3.52286,1773134866,,9.5,146,,8.3,7.3,229
51.45482,3.52223,1773134850,,9.4,144.6,,8.3,7.3,229
51.45521,3.52178,1773134840,,9.4,145.3,,8.3,7.3,229
51.45626,3.52065,1773134810,,9.3,145.3,,8.3,7.3,229
51.45665,3.52021,1773134800,,9.2,144,,8.3,7.3,229
51.45696,3.51984,1773134790,,9.2,143,,8.3,7.3,229
51.45767,3.51897,1773134771,,9.2,141.6,,8.3,7.3,229
51.45797,3.51859,1773134760,,9.2,142.9,,8.3,7.3,229
51.45831,3.51818,1773134750,,9.2,144.6,,8.3,7.3,229
51.45869,3.51774,1773134739,,9.1,145.8,,8.3,7.3,229
51.45904,3.51736,1773134730,,9.1,145,,8.3,7.3,229
51.45939,3.51697,1773134722,,9.1,141.6,,8.3,7.3,229
51.45993,3.51624,1773134703,,9,136.4,,8.3,7.3,229
51.46015,3.51592,1773134696,,9,137.1,,8.3,7.3,229
51.4603,3.51569,1773134690,,9,138.6,,8.3,7.3,229
51.46049,3.51542,1773134684,,9,141.1,,8.3,7.3,229
51.46075,3.51507,1773134676,,9.1,145.2,,8.3,7.3,229
51.46098,3.5148,1773134670,,9.1,148.4,,8.3,7.3,229
51.46118,3.51458,1773134664,,9.1,150.9,,8.3,7.3,229
51.46144,3.51435,1773134657,,9.1,154.6,,8.3,7.3,229
51.46166,3.51416,1773134650,,9.2,158.1,,8.3,7.3,229
51.46193,3.51397,1773134644,,9.3,162.5,,8.3,7.3,229
51.46247,3.51372,1773134630,,9.4,167.6,,8.3,7.3,229
51.46418,3.51308,1773134590,,9.5,166.1,,8.3,7.3,229
51.46546,3.51257,1773134560,,9.5,165.2,,8.3,7.3,229
51.46635,3.51219,1773134540,,9.5,165.7,,8.3,7.3,229
51.46674,3.51204,1773134530,,9.5,163.4,,8.3,7.3,229
51.46757,3.5116,1773134510,,9.5,159.3,,8.3,7.3,229
51.46786,3.51142,1773134503,,9.5,158.9,,8.3,7.3,229
51.47075,3.50907,1773134431,,9.6,152.4,,8.3,7.2,235
51.47429,3.50606,1773134340,,9.5,151.2,,8.3,7.2,235
51.47501,3.50542,1773134320,,9.5,152,,8.3,7.2,235
51.4754,3.50509,1773134311,,9.5,152.8,,8.3,7.2,235
51.47622,3.50443,1773134289,,9.5,151.7,,8.3,7.2,235
51.47702,3.50369,1773134268,,9.5,148.3,,8.3,7.2,235
51.47769,3.50304,1773134251,,9.5,150,,8.3,7.2,235
51.47898,3.50183,1773134216,,9.4,147.1,,8.3,7.2,235
51.4792,3.5016,1773134211,,9.4,147.5,,8.3,7.2,235
51.47957,3.50123,1773134200,,9.5,147.3,,8.3,7.2,235
51.48065,3.50005,1773134171,,9.4,144.6,,8.3,7.2,235
51.48104,3.49961,1773134160,,9.4,144.3,,8.3,7.2,235
51.48408,3.49585,1773134071,,9.2,140.9,,8.3,7.2,235
51.48445,3.49537,1773134059,,9.3,138,,8.3,7.2,235
51.48513,3.49433,1773134037,,9.3,135.4,,8.3,7.2,235
51.48535,3.49399,1773134031,,9.3,136.5,,8.3,7.2,235
51.48565,3.49351,1773134020,,9.3,138.1,,8.3,7.2,235
51.48598,3.49306,1773134011,,9.2,139.3,,8.3,7.2,235
51.48624,3.49271,1773134003,,9.2,138.6,,8.3,7.2,235
51.4864,3.49248,1773133998,,9.3,137,,8.3,7.2,235
51.51465,3.43621,1773133010,,9.7,129,,8.3,7,238
51.51491,3.43571,1773133001,,9.7,128.5,,8.3,7,238
51.51643,3.43295,1773132950,,9.7,134.1,,8.3,7,238
51.51671,3.43249,1773132941,,9.7,133.7,,8.3,7,238
51.51851,3.42932,1773132881,,9.5,132.2,,8.3,7,238
51.51874,3.42889,1773132873,,9.5,135.3,,8.3,7,238
51.51889,3.42864,1773132868,,9.5,138,,8.3,7,238
51.51915,3.42826,1773132860,,9.5,141.3,,8.3,7,238
51.51936,3.42798,1773132854,,9.4,142.5,,8.3,7,238
51.5196,3.42768,1773132847,,9.4,142.8,,8.3,7,238
51.51985,3.42738,1773132840,,9.4,143.8,,8.3,7,238
51.52034,3.42681,1773132826,,9.6,150,,8.3,7,238
51.52077,3.42643,1773132815,,9.6,151.8,,8.3,7,238
51.52108,3.42616,1773132809,,9.6,152.7,,8.3,7,238
51.52143,3.42587,1773132798,,9.6,155.9,,8.3,7,238
51.52205,3.42546,1773132784,,9.7,159.7,,8.3,7,238
51.5223,3.4253,1773132777,,9.7,161.5,,8.3,7,238
51.52285,3.42503,1773132764,,9.8,164.4,,8.3,7,238
51.52316,3.42489,1773132757,,9.8,163.5,,8.3,7,238
51.52557,3.42367,1773132701,,9.7,161.4,,8.3,7,238
51.52603,3.42342,1773132691,,9.7,162.3,,8.3,7,236
51.52641,3.42323,1773132681,,9.7,164,,8.3,7,236
51.52683,3.42304,1773132673,,9.6,165.2,,8.3,7,236
51.52705,3.42295,1773132666,,9.6,164.9,,8.3,7,236
51.52731,3.42284,1773132660,,9.6,164,,8.3,7,236
51.52774,3.42264,1773132651,,9.6,163.4,,8.3,7,236
51.52812,3.42244,1773132641,,9.5,162.8,,8.3,7,236
51.53068,3.42134,1773132580,,9.3,166.4,,8.3,7,236
51.53109,3.42117,1773132570,,9.2,166,,8.3,7,236
51.55268,3.41655,1773132051,,9,173.2,,8.3,7,234
51.55313,3.41646,1773132041,,8.9,174,,8.3,7,234
51.5535,3.41641,1773132031,,8.9,172.3,,8.3,7,234
51.55419,3.41624,1773132014,,8.9,165.6,,8.3,7,234
51.55463,3.41605,1773132005,,8.9,166.6,,8.3,7,234
51.55528,3.41581,1773131990,,8.9,168.6,,8.3,7,234
51.55564,3.4157,1773131978,,8.9,165.8,,8.3,7,234
51.55592,3.41559,1773131972,,8.9,162.3,,8.3,7,234
51.55682,3.41506,1773131949,,9,158.7,,8.3,7,234
51.55713,3.41486,1773131940,,9,159.5,,8.3,7,234
51.55772,3.41452,1773131925,,9,163.3,,8.3,7,234
51.55792,3.41441,1773131920,,9,164.1,,8.3,7,234
51.55816,3.4143,1773131914,,9,164.7,,8.3,7,234
51.58196,3.39288,1773131271,,9.2,150.4,,8.3,7,232
51.58309,3.39183,1773131239,,9.2,149.5,,8.3,7,232
51.58342,3.3915,1773131231,,9.2,149.8,,8.3,7,232
51.58565,3.38945,1773131171,,9.2,149.3,,8.3,7,232
51.5894,3.38615,1773131071,,9.4,152.7,,8.3,7,232
51.59433,3.38196,1773130941,,9.3,152.3,,8.3,7,232
51.61588,3.363,1773130381,,9.9,150.6,,8.4,7.8,235
51.61627,3.36264,1773130371,,9.9,150.8,,8.4,7.8,235
51.65296,3.32449,1773129421,,10.1,145.7,,8.7,8.3,266
51.65489,3.3224,1773129371,,10.1,145.3,,8.7,8.3,266
51.66198,3.31505,1773129191,,10.1,147.7,,8.7,8.3,266
51.68294,3.29405,1773128650,,9.9,149.2,,8.7,8.7,263
51.7216,3.25665,1773127669,,9.8,148.4,,8.8,9.3,256
51.72277,3.25554,1773127640,,9.7,150,,8.8,9.3,256
51.72317,3.25518,1773127629,,9.6,149.4,,8.8,9.3,256
51.72355,3.25481,1773127620,,9.5,149.2,,8.8,9.3,256
51.73102,3.24718,1773127369,,5.7,146.5,,8.8,9.3,256
51.73192,3.24623,1773127329,,5.7,147.5,,8.8,9.3,256
51.73215,3.24599,1773127320,,5.8,147.6,,8.8,9.3,256
51.73981,3.23738,1773126980,,6.2,144.6,,8.8,9.7,253
51.74005,3.23711,1773126971,,6.3,144.5,,8.8,9.7,253
51.74054,3.23656,1773126951,,6.3,144.4,,8.8,9.7,253
51.7408,3.23625,1773126940,,6.4,144.3,,8.8,9.7,253
51.74181,3.2352,1773126899,,6.5,148.9,,8.8,9.7,253
51.74204,3.23498,1773126891,,6.6,146.5,,8.8,9.7,253
51.74406,3.23256,1773126810,,7,142.1,,8.8,9.7,253
51.74432,3.23223,1773126801,,7.1,144,,8.8,9.7,253
51.74461,3.23188,1773126789,,7.1,147.1,,8.8,9.7,253
51.74478,3.23171,1773126784,,7.1,148.3,,8.8,9.7,253
51.74498,3.23151,1773126777,,7.2,149.1,,8.8,9.7,253
51.75187,3.21849,1773126500,,8.4,128.7,,8.8,10,250
51.75212,3.218,1773126489,,8.4,129.7,,8.8,10,250
51.75309,3.21614,1773126451,,8.3,131.6,,8.8,10,250
51.75337,3.21563,1773126442,,8.3,133.8,,8.8,10,250
51.75361,3.21522,1773126431,,8.3,134.9,,8.8,10,250
51.76335,3.20022,1773126061,,6.7,136.7,,8.8,9.8,249
51.76439,3.19869,1773126014,,6.1,140.2,,8.8,9.8,249
51.76488,3.19801,1773125990,,5.8,138.6,,8.8,9.8,249
51.76516,3.1976,1773125977,,5.6,142.2,,8.8,9.8,249
51.76543,3.19728,1773125965,,5.5,150.7,,8.8,9.8,249
51.76566,3.19709,1773125953,,5.4,154.7,,8.8,9.8,249
51.76598,3.19685,1773125939,,5.4,152.4,,8.8,9.8,249
51.76684,3.19609,1773125900,,5.3,151.8,,8.8,9.8,249
51.76707,3.19589,1773125892,,5.3,149.5,,8.8,9.8,249
51.76737,3.19561,1773125877,,5.5,143.6,,8.8,9.8,249
51.76782,3.195,1773125854,,5.6,137.4,,8.8,9.8,249
51.76798,3.19478,1773125846,,5.7,135.7,,8.8,9.8,249
51.77271,3.18193,1773125529,,6.3,119.6,,8.8,9.8,249
51.77327,3.18028,1773125489,,6.3,117.5,,8.8,9.7,248
51.7735,3.17957,1773125473,,6.2,121.4,,8.8,9.7,248
51.78097,3.16736,1773125109,,6.2,135.9,,8.8,9.7,248
51.78157,3.16643,1773125081,,6.2,134.9,,8.8,9.7,248
51.78199,3.16574,1773125060,,6.2,134.9,,8.8,9.7,248
51.7822,3.16542,1773125049,,6.2,134.1,,8.8,9.7,248
51.78259,3.16478,1773125031,,6.2,134.5,,8.8,9.7,248
51.78292,3.16426,1773125014,,6.2,140,,8.8,9.7,248
51.7832,3.16391,1773125004,,6.1,141.9,,8.8,9.7,248
51.78336,3.16372,1773124995,,6.1,141.1,,8.8,9.7,248
51.78568,3.16062,1773124889,,6,140.5,,8.8,9.5,247
51.78589,3.16032,1773124880,,6,140.8,,8.8,9.5,247
51.7861,3.16004,1773124869,,6,142.1,,8.8,9.5,247
51.78771,3.15832,1773124801,,5.9,148.1,,8.8,9.5,247
51.78792,3.1581,1773124792,,5.9,148,,8.8,9.5,247
51.79057,3.15567,1773124680,,5.9,151.5,,8.8,9.5,247
51.79079,3.15548,1773124671,,5.9,151.4,,8.8,9.5,247
51.79199,3.15433,1773124619,,6,148.4,,8.8,9.5,247
51.79221,3.15412,1773124611,,6,149.4,,8.8,9.5,247
51.79441,3.15221,1773124522,,6,152.1,,8.8,9.5,247
51.79469,3.15198,1773124510,,6,153,,8.8,9.5,247
51.80212,3.14553,1773124210,,6.1,150.9,,8.7,9.3,246
51.80239,3.14529,1773124199,,6.1,151.5,,8.7,9.3,246
51.83121,3.11709,1773123021,,6.3,147.9,,9.3,9,243
51.83146,3.11684,1773123011,,6.2,148.5,,9.3,9,243
51.83907,3.10823,1773122690,,5.9,144.1,,9.3,9,243
51.83929,3.10797,1773122679,,5.9,142.7,,9.3,9,243
51.84166,3.10459,1773122560,,5.5,138.1,,9.3,9,243
51.84205,3.104,1773122540,,5.5,135,,9.3,9,243
51.84291,3.10248,1773122491,,5.6,132.3,,9.3,9,243
51.84344,3.10148,1773122460,,5.6,129.7,,9.3,9,243
51.84359,3.10119,1773122452,,5.6,130.2,,9.3,9,243
51.84597,3.09677,1773122310,,5.5,129.9,,9.3,9,243
51.84646,3.09582,1773122281,,5.4,130.8,,9.3,9,243
51.84745,3.09398,1773122221,,5.4,129.8,,9.3,9,243
51.84793,3.09304,1773122190,,5.3,128.6,,9.3,9,243
51.84807,3.09276,1773122181,,5.3,128.5,,9.3,9,243
51.85702,3.02135,1773120750,,7.2,99.5,,9.3,9,242
51.85708,3.0208,1773120740,,7.2,99.4,,9.3,9,242
51.8581,3.0093,1773120530,,7.6,96.1,,9.2,9,242
51.86845,2.93813,1773119180,,6.9,105.4,,9,9,227
51.87937,2.86637,1773117920,,8.5,103.2,,9.3,8.7,226
51.87964,2.86451,1773117889,,8.4,103,,9.3,8.7,226
51.88016,2.86013,1773117820,,8.4,99.3,,9.3,8.7,226
51.88052,2.85639,1773117759,,8.3,97.6,,9.3,8.7,226
51.88061,2.85523,1773117741,,8.2,100.1,,9.3,8.7,226
51.88068,2.85456,1773117731,,8.1,103.6,,9.3,8.7,226
51.88076,2.85402,1773117722,,8.1,106.6,,9.3,8.7,226
51.88095,2.85303,1773117705,,8,113.5,,9.3,8.7,226
51.88116,2.85225,1773117690,,8.1,122.7,,9.4,8.5,226
51.90095,2.83461,1773117111,,8.4,152.3,,9.4,8.5,226
51.90268,2.83313,1773117062,,8.4,154,,9.4,8.3,225
51.90432,2.83178,1773117014,,8.6,147.1,,9.4,8.3,225
51.90475,2.83131,1773117001,,8.6,145.9,,9.4,8.3,225
51.90491,2.83113,1773116996,,8.6,147.1,,9.4,8.3,225
51.90575,2.83025,1773116971,,8.5,149.2,,9.4,8.3,225
51.90619,2.82983,1773116958,,8.5,150.4,,9.4,8.3,225
51.90643,2.82961,1773116952,,8.5,150.2,,9.4,8.3,225
51.90776,2.82816,1773116911,,8.7,141.1,,9.4,8.3,225
51.94331,2.78316,1773115802,,8.9,141.8,,9.4,8,223
51.94528,2.78073,1773115742,,8.9,143.4,,9.4,8,223
51.95008,2.77372,1773115591,,9.2,136,,9.4,8,223
51.95194,2.77084,1773115531,,9.2,136.3,,9.4,8,223
51.96083,2.75457,1773115221,,9.4,129.3,,9.4,8,222
51.96284,2.75071,1773115150,,9.4,129.4,,9.4,8,222
51.99628,2.68223,1773114002,,10.6,129.8,,9.4,8,219
51.99947,2.67589,1773113900,,10.7,129.6,,9.4,8,219
52.0001,2.6747,1773113882,,10.7,129.6,,9.4,8,219
52.77654,1.80245,1773096521,,13.2,139.9,,7.4,6,168
52.78139,1.7958,1773096418,,13.2,142.6,,7.4,6,168
52.81793,1.74828,1773095649,,13.2,142,,7.4,6,168
52.81841,1.74765,1773095639,,13.2,141.7,,7.4,6,168
52.85345,1.6997,1773094889,,12.9,140.1,,7.4,6,169
52.85391,1.69906,1773094880,,12.9,140.1,,7.4,6,169
52.88943,1.65193,1773094120,,12.7,142.5,,6.6,7.1,172
52.89176,1.64893,1773094070,,12.7,142,,6.6,7.1,172
52.92718,1.60165,1773093301,,12.8,141.1,,8.1,2.2,206
52.96198,1.55416,1773092530,,12.5,140.5,,8.2,2.3,214
52.99683,1.50582,1773091730,,12.1,139.9,,8.2,2.7,230
53.0316,1.45714,1773090901,,11.6,140.1,,8.3,2.8,238
53.06606,1.40908,1773090060,,11.4,139.5,,8.3,3.2,245
53.0665,1.40845,1773090049,,11.4,139.8,,8.3,3.2,245
53.09868,1.35524,1773089189,,11.3,135.3,,9,5.3,241
53.1311,1.30234,1773088321,,11.3,135.8,,8.5,8,233
53.14477,1.28062,1773087961,,11.3,136.4,,8.6,8,234
53.33299,0.99274,1773082941,,10.7,139.1,,8.8,9.9,231
53.33334,0.99225,1773082932,,10.7,139.1,,8.8,9.9,231
53.35373,0.94444,1773082212,,10.6,120.2,,8.7,9.7,231
53.37758,0.87903,1773081281,,10.6,121.5,,9,12,224
53.3786,0.87631,1773081241,,10.6,122.4,,9,12,224
53.39793,0.82801,1773080542,,10.7,125.3,,8.7,11,215
53.39851,0.82663,1773080522,,10.7,125.1,,8.7,11,215
53.41195,0.79736,1773080083,,10.9,128.3,,8.8,11,216
53.43017,0.75946,1773079511,,10.9,130,,8.9,11,217
53.43095,0.75789,1773079488,,10.9,132.6,,8.9,11,217
53.43137,0.75713,1773079475,,11,133.4,,8.9,11,217
53.46093,0.69988,1773078582,,10.7,130,,8.7,10.7,215
53.46125,0.69924,1773078572,,10.7,129.7,,8.7,10.7,215
53.46874,0.6834,1773078333,,10.7,127.6,,8.7,10.7,215
53.47024,0.68008,1773078282,,10.6,130.4,,8.7,10.7,215
53.47119,0.67817,1773078252,,10.5,129.4,,8.7,10.7,215
53.47182,0.67683,1773078231,,10.3,127.4,,8.7,10.7,215
53.47211,0.67618,1773078222,,10.2,128.7,,8.7,10.7,215
53.47232,0.67575,1773078214,,10.3,131.1,,8.7,10.7,215
53.47257,0.67527,1773078206,,10.3,135,,8.7,10.7,215
53.50435,0.65319,1773077513,,10.5,158.7,,8.6,10.5,215
53.53353,0.63412,1773076863,,10.3,158.1,,8.3,10.2,213
53.5358,0.63257,1773076812,,10.3,157.8,,8.3,10.2,213
53.54342,0.62718,1773076642,,10.7,156.2,,8.3,10.2,213
53.54392,0.62681,1773076632,,10.7,155.8,,8.3,10.2,213
53.58602,0.5937,1773075680,,10.2,154.9,,9,11.2,213
53.58814,0.59204,1773075633,,10.3,155.2,,9,11.2,213
53.59541,0.58601,1773075462,,10.3,153.4,,9,11.2,213
53.61805,0.56626,1773074932,,10.4,151.7,,9,11.3,213
53.61844,0.56592,1773074922,,10.4,151.7,,9,11.3,213
53.65794,0.52881,1773073983,,10.2,151.6,,8.5,10.5,213
53.65919,0.52766,1773073952,,10.2,151.4,,8.5,10.5,213
53.69505,0.49862,1773073133,,10.4,155.3,,8.6,10.2,211
53.69592,0.49794,1773073112,,10.4,155.7,,8.6,10.2,211
53.69637,0.49761,1773073103,,10.4,155.5,,8.6,10.2,211
53.7395,0.46463,1773072111,,10.2,156.1,,8.6,10.1,210
53.78134,0.433,1773071132,,9.9,155.4,,8.5,10.3,209
53.78519,0.43008,1773071042,,9.9,155.4,,8.5,10.3,209
53.78561,0.42975,1773071031,,9.9,155.4,,8.5,10.3,209
53.7864,0.42915,1773071012,,9.9,156.8,,8.5,10.3,209
53.78971,0.42619,1773070931,,9.9,150,,8.5,10.3,209
53.79011,0.4258,1773070921,,9.9,149.9,,8.5,10.3,209
53.79092,0.42505,1773070902,,9.9,152,,8.5,10.3,209
53.79125,0.42476,1773070893,,9.9,152.1,,8.4,10.5,209
53.79194,0.42412,1773070877,,9.9,147.1,,8.4,10.5,209
53.79262,0.42332,1773070858,,9.9,144.2,,8.4,10.5,209
53.79288,0.42301,1773070852,,9.9,145.1,,8.4,10.5,209
53.79326,0.42256,1773070841,,9.9,145.6,,8.4,10.5,209
53.79604,0.41906,1773070766,,10,140.7,,8.4,10.5,209
53.79622,0.41881,1773070761,,9.9,139.7,,8.4,10.5,209
53.79671,0.41809,1773070748,,10,134.7,,8.4,10.5,209
53.79723,0.41721,1773070730,,10,134.5,,8.4,10.5,209
53.79947,0.41321,1773070661,,10,132.4,,8.4,10.5,209
53.80068,0.41095,1773070622,,10,133.1,,8.4,10.5,209
53.80313,0.40611,1773070541,,9.9,129.4,,8.4,10.5,209
53.80487,0.40248,1773070482,,9.8,131.2,,8.4,10.5,209
53.80537,0.40158,1773070466,,9.9,136.1,,8.4,10.5,209
53.80554,0.40131,1773070459,,9.9,135.1,,8.4,10.5,209
53.8084,0.39644,1773070372,,9.8,133.3,,8.4,10.5,209
53.80875,0.39582,1773070361,,9.8,133.7,,8.4,10.5,209
53.8097,0.39427,1773070331,,9.9,141.2,,8.4,10.5,209
53.81087,0.39258,1773070297,,9.8,139.7,,8.4,10.5,209
53.81493,0.38803,1773070191,,9.9,147.7,,8.3,10.7,208
53.81609,0.38679,1773070163,,9.8,146.7,,8.3,10.7,208
53.81886,0.38395,1773070091,,9.9,151.4,,8.3,10.7,208
53.82007,0.38284,1773070061,,9.9,150.9,,8.3,10.7,208
53.85233,0.35903,1773069290,,9.8,157.3,,8.4,10.8,208
53.89506,0.32892,1773068271,,9.7,156.6,,8.1,11,199
53.89676,0.32769,1773068230,,9.7,156.9,,8.1,11,199
53.91337,0.31616,1773067830,,9.7,158.3,,8.1,11,198
53.95567,0.28792,1773066821,,9.7,158.3,,8.1,11,198
53.95613,0.28761,1773066810,,9.7,158,,8.1,11,198
53.98519,0.2655,1773066101,,9.6,154.8,,8,11,198
53.98645,0.26451,1773066070,,9.7,154.7,,7.9,11,197
54.02806,0.23288,1773065041,,9.5,155.9,,7.9,11,197
54.06957,0.20173,1773064011,,9.5,155.9,,7.8,11,199
54.07083,0.20081,1773063980,,9.6,157.3,,7.8,11,199
54.09283,0.18386,1773063431,,9.5,155.5,,7.8,11,200
54.09363,0.18323,1773063411,,9.5,155.8,,7.8,11,200
54.13243,0.15433,1773062450,,9.5,157.4,,7.3,11,192
54.14054,0.14851,1773062251,,9.6,157.1,,7.3,11,192
54.16272,0.13196,1773061699,,9.5,155.9,,7.2,11,192
54.16712,0.12856,1773061589,,9.5,154.8,,7.2,11,192
54.17698,0.1206,1773061340,,9.4,154.4,,7.9,11,188
54.17737,0.12027,1773061330,,9.4,155.8,,7.9,11,188
54.18619,0.11024,1773061090,,9.6,144.2,,7.8,11,187
54.22306,0.06581,1773060081,,9.6,144.5,,7.5,11,184
54.22343,0.06537,1773060070,,9.6,144.3,,7.5,11,184
